Epoch,Modified period,Transit peak
0.000000000000000000e+00,9.207061797631922673e+00,7.266278050528884705e+03
1.000000000000000000e+00,9.206214793430717691e+00,7.275485112326516173e+03
2.000000000000000000e+00,9.210265226228784741e+00,7.284691327119946436e+03
3.000000000000000000e+00,9.205588130373598688e+00,7.293901592346175676e+03
4.000000000000000000e+00,9.207239060207484727e+00,7.303107180476548820e+03
5.000000000000000000e+00,9.206403915043210873e+00,7.312314419536756759e+03
6.000000000000000000e+00,9.211873751899020135e+00,7.321520823451799515e+03
7.000000000000000000e+00,9.205904942639335786e+00,7.330732697203698990e+03
8.000000000000000000e+00,9.207384617812294891e+00,7.339938602146337871e+03
9.000000000000000000e+00,9.206413129558768560e+00,7.349145986764150621e+03
1.000000000000000000e+01,9.213021610068608425e+00,7.358352399893708935e+03
1.100000000000000000e+01,9.206059064265446068e+00,7.367565421503777543e+03
1.200000000000000000e+01,9.207449061371789867e+00,7.376771480568043444e+03
1.300000000000000000e+01,9.206235635809662199e+00,7.385978929629414779e+03
1.400000000000000000e+01,9.213436132495189668e+00,7.395185165265224896e+03
1.500000000000000000e+01,9.206084525305413990e+00,7.404398601397720086e+03
1.600000000000000000e+01,9.207364093927935755e+00,7.413604685923025500e+03
1.700000000000000000e+01,9.205994565902983595e+00,7.422812050016953435e+03
1.800000000000000000e+01,9.212991275050626427e+00,7.432018044582856419e+03
1.900000000000000000e+01,9.206040787449637719e+00,7.441231035857907045e+03
2.000000000000000000e+01,9.207062478345051204e+00,7.450437076645356683e+03
2.100000000000000000e+01,9.205699662721144705e+00,7.459644139123702189e+03
2.200000000000000000e+01,9.211746698028491664e+00,7.468849838786422879e+03
2.300000000000000000e+01,9.205975484316240909e+00,7.478061585484450916e+03
2.400000000000000000e+01,9.206605383166788670e+00,7.487267560968767611e+03
2.500000000000000000e+01,9.205411565854319633e+00,7.496474166351934400e+03
2.600000000000000000e+01,9.209977594573501847e+00,7.505679577917788265e+03
2.700000000000000000e+01,9.205962801119312644e+00,7.514889555512361767e+03
2.800000000000000000e+01,9.206120366798131727e+00,7.524095518313481080e+03
2.900000000000000000e+01,9.205174373840236512e+00,7.533301638680279211e+03
3.000000000000000000e+01,9.208009547885467327e+00,7.542506813054120357e+03
3.100000000000000000e+01,9.205961486065007193e+00,7.551714822602005370e+03
3.200000000000000000e+01,9.205679159152168722e+00,7.560920784088069922e+03
3.300000000000000000e+01,9.205028742032936862e+00,7.570126463247223001e+03
3.400000000000000000e+01,9.206226913287082425e+00,7.579331491989255483e+03
3.500000000000000000e+01,9.205977522554803727e+00,7.588537718902542110e+03
3.600000000000000000e+01,9.205371038488920021e+00,7.597743696425097369e+03
3.700000000000000000e+01,9.205070312524185283e+00,7.606949067463586289e+03
3.800000000000000000e+01,9.204995910632078449e+00,7.616154137776110474e+03
3.900000000000000000e+01,9.206028371668253385e+00,7.625359133686743007e+03
4.000000000000000000e+01,9.205218362475989125e+00,7.634565162058410351e+03
4.100000000000000000e+01,9.205345221138486522e+00,7.643770380420886795e+03
4.200000000000000000e+01,9.204423835459692782e+00,7.652975725642025282e+03
4.300000000000000000e+01,9.206107920932936395e+00,7.662180149477484520e+03
4.400000000000000000e+01,9.205205036139432195e+00,7.671386257398417911e+03
4.500000000000000000e+01,9.206022189114264620e+00,7.680591462434556888e+03
4.600000000000000000e+01,9.204364310078290146e+00,7.689797484623672062e+03
4.700000000000000000e+01,9.206258351915039384e+00,7.699001848933749898e+03
4.800000000000000000e+01,9.205352329810466472e+00,7.708208107285665392e+03
4.900000000000000000e+01,9.207228706129171769e+00,7.717413459615475404e+03
5.000000000000000000e+01,9.204574295841666753e+00,7.726620688321604575e+03
5.100000000000000000e+01,9.206432402338577958e+00,7.735825262617446242e+03
5.200000000000000000e+01,9.205572483740070311e+00,7.745031695019784820e+03
5.300000000000000000e+01,9.208818248411716922e+00,7.754237267503524890e+03
5.400000000000000000e+01,9.204859031396608771e+00,7.763446085751937062e+03
5.500000000000000000e+01,9.206579555697317119e+00,7.772650944783333216e+03
5.600000000000000000e+01,9.205754071964747709e+00,7.781857524339030533e+03
5.700000000000000000e+01,9.210519202807518013e+00,7.791063278410994826e+03
5.800000000000000000e+01,9.205165528663656005e+00,7.800273797613803254e+03
5.900000000000000000e+01,9.206717721684526623e+00,7.809478963142466455e+03
6.000000000000000000e+01,9.205828925885725766e+00,7.818685680864151436e+03
6.100000000000000000e+01,9.211957123369757028e+00,7.827891509790037162e+03
6.200000000000000000e+01,9.205398619246807357e+00,7.837103466913406010e+03
6.300000000000000000e+01,9.206816308381348790e+00,7.846308865532653726e+03
6.400000000000000000e+01,9.205717442689547170e+00,7.855515681841034166e+03
6.500000000000000000e+01,9.212754099229186977e+00,7.864721399283724168e+03
6.600000000000000000e+01,9.205487532780807669e+00,7.873934153382953809e+03
6.700000000000000000e+01,9.206824563977534126e+00,7.883139640915734162e+03
6.800000000000000000e+01,9.205504185610607237e+00,7.892346465479711696e+03
6.900000000000000000e+01,9.212709241881839262e+00,7.901551969665322758e+03
7.000000000000000000e+01,9.205513756784966972e+00,7.910764678907204143e+03
7.100000000000000000e+01,9.206674228827068873e+00,7.919970192663989110e+03
7.200000000000000000e+01,9.205272428873286117e+00,7.929176866892816179e+03
7.300000000000000000e+01,9.211797990569266403e+00,7.938382139321689465e+03
7.400000000000000000e+01,9.205499838638388610e+00,7.947593937312258277e+03
7.500000000000000000e+01,9.206341537410480669e+00,7.956799437150897575e+03
7.600000000000000000e+01,9.205022532942621183e+00,7.966005778688308055e+03
7.700000000000000000e+01,9.210216805235177162e+00,7.975210801221250222e+03
7.800000000000000000e+01,9.205518054671301797e+00,7.984421018026485399e+03
7.900000000000000000e+01,9.205926301152430824e+00,7.993626536081156701e+03
8.000000000000000000e+01,9.204832173218164826e+00,8.002832462382309131e+03
8.100000000000000000e+01,9.208317003546198976e+00,8.012037294555527296e+03
8.200000000000000000e+01,9.205597265674441587e+00,8.021245611559073950e+03
8.300000000000000000e+01,9.205526951277533954e+00,8.030451208824748392e+03
8.400000000000000000e+01,9.204723134593677969e+00,8.039656735776025016e+03
8.500000000000000000e+01,9.206463408760555467e+00,8.048861458910619149e+03
8.600000000000000000e+01,9.205688490024385828e+00,8.058067922319380159e+03
8.700000000000000000e+01,9.205207662152133707e+00,8.067273610809404090e+03
8.800000000000000000e+01,9.204768618134949065e+00,8.076478818471556224e+03
8.900000000000000000e+01,9.205052526111558109e+00,8.085683587089691173e+03
9.000000000000000000e+01,9.205818065784569626e+00,8.094888639615803186e+03
9.100000000000000000e+01,9.205043927052884101e+00,8.104094457681587301e+03
9.200000000000000000e+01,9.205065299002399115e+00,8.113299501608640639e+03
9.300000000000000000e+01,9.204328334013098356e+00,8.122504566907642584e+03
9.400000000000000000e+01,9.205979922011465533e+00,8.131708895241656137e+03
9.500000000000000000e+01,9.205032180757370952e+00,8.140914875163667602e+03
9.600000000000000000e+01,9.205717620786344924e+00,8.150119907344424064e+03
9.700000000000000000e+01,9.204201655218184897e+00,8.159325624965211318e+03
9.800000000000000000e+01,9.206183689049794339e+00,8.168529826620429048e+03
9.900000000000000000e+01,9.205176027614015766e+00,8.177736010309478843e+03
1.000000000000000000e+02,9.206884328105388704e+00,8.186941186337093313e+03
1.010000000000000000e+02,9.204443413836088439e+00,8.196148070665198247e+03
1.020000000000000000e+02,9.206456277163852064e+00,8.205352514079033426e+03
1.030000000000000000e+02,9.205475010328882490e+00,8.214558970356198188e+03
1.040000000000000000e+02,9.208494751973375969e+00,8.223764445366527070e+03
1.050000000000000000e+02,9.204851538755974616e+00,8.232972940118499537e+03
1.060000000000000000e+02,9.206725621716941532e+00,8.242177791657257330e+03
1.070000000000000000e+02,9.205809292036065017e+00,8.251384517278973362e+03
1.080000000000000000e+02,9.210280636623792816e+00,8.260590326571009427e+03
1.090000000000000000e+02,9.205294472420064267e+00,8.269800607207633220e+03
1.100000000000000000e+02,9.206973448001917859e+00,8.279005901680053285e+03
1.110000000000000000e+02,9.206085429949780519e+00,8.288212875128054293e+03
1.120000000000000000e+02,9.211930546925941599e+00,8.297418960558004983e+03
1.130000000000000000e+02,9.205727935098366288e+00,8.306630891104930924e+03
1.140000000000000000e+02,9.207207728279172443e+00,8.315836619040030200e+03
1.150000000000000000e+02,9.206219160303589888e+00,8.325043826768309373e+03
1.160000000000000000e+02,9.213073075263309875e+00,8.334250045928612963e+03
1.170000000000000000e+02,9.206026562513216049e+00,8.343463119003874453e+03
1.180000000000000000e+02,9.207379974472132744e+00,8.352669145566389489e+03
1.190000000000000000e+02,9.206162187086192716e+00,8.361876525540861621e+03
1.200000000000000000e+02,9.213439636579096259e+00,8.371082687727946904e+03
1.210000000000000000e+02,9.206177741406463610e+00,8.380296127364526910e+03
1.220000000000000000e+02,9.207426792409933114e+00,8.389502305105932464e+03
1.230000000000000000e+02,9.206035865528974682e+00,8.398709731898343307e+03
1.240000000000000000e+02,9.212951610492382315e+00,8.407915767763872282e+03
1.250000000000000000e+02,9.206260144635962206e+00,8.417128719374362845e+03
1.260000000000000000e+02,9.207272276370531472e+00,8.426334979519000626e+03
1.270000000000000000e+02,9.205871884137195593e+00,8.435542251795370248e+03
1.280000000000000000e+02,9.211696942068556382e+00,8.444748123679506534e+03
1.290000000000000000e+02,9.206299386095452064e+00,8.453959820621576000e+03
1.300000000000000000e+02,9.206936122723163862e+00,8.463166120007670543e+03
1.310000000000000000e+02,9.205700676004198613e+00,8.472373056130394616e+03
1.320000000000000000e+02,9.209970145753686666e+00,8.481578756806398815e+03
1.330000000000000000e+02,9.206379603971981851e+00,8.490788726952152501e+03
1.340000000000000000e+02,9.206546734792027564e+00,8.499995106556125393e+03
1.350000000000000000e+02,9.205587076907249866e+00,8.509201653290916511e+03
1.360000000000000000e+02,9.208121871462026320e+00,8.518407240367823761e+03
1.370000000000000000e+02,9.206480181717779487e+00,8.527615362239284877e+03
1.380000000000000000e+02,9.206184112619666848e+00,8.536821842421002657e+03
1.390000000000000000e+02,9.205553201068141789e+00,8.546028026533622324e+03
1.400000000000000000e+02,9.206498964089405490e+00,8.555233579734691375e+03
1.410000000000000000e+02,9.206577551637565193e+00,8.564440078698780781e+03
1.420000000000000000e+02,9.205931914661050541e+00,8.573646656250417436e+03
1.430000000000000000e+02,9.205698735057922022e+00,8.582852588165078487e+03
1.440000000000000000e+02,9.205439599355486280e+00,8.592058286900137318e+03
1.450000000000000000e+02,9.206701407334549003e+00,8.601263726499491895e+03
1.460000000000000000e+02,9.205840058493777178e+00,8.610470427906828263e+03
1.470000000000000000e+02,9.206102052131427627e+00,8.619676267965322040e+03
1.480000000000000000e+02,9.205023081347462721e+00,8.628882370017452558e+03
1.490000000000000000e+02,9.206838144961693615e+00,8.638087393098800021e+03
1.500000000000000000e+02,9.205882995752290299e+00,8.647294231243762624e+03
1.510000000000000000e+02,9.206893230215428048e+00,8.656500114239514005e+03
1.520000000000000000e+02,9.205063194024660334e+00,8.665707007469729433e+03
1.530000000000000000e+02,9.207024875731804059e+00,8.674912070663755003e+03
1.540000000000000000e+02,9.206076405231215176e+00,8.684119095539484988e+03
1.550000000000000000e+02,9.208162976960920787e+00,8.693325171944718022e+03
1.560000000000000000e+02,9.205347932271251921e+00,8.702533334921678033e+03
1.570000000000000000e+02,9.207241764508580673e+00,8.711738682853949285e+03
1.580000000000000000e+02,9.206351333846214402e+00,8.720945924618457866e+03
1.590000000000000000e+02,9.209757028867898043e+00,8.730152275952303171e+03
1.600000000000000000e+02,9.205686509087172453e+00,8.739362032981171069e+03
1.610000000000000000e+02,9.207418368563594413e+00,8.748567719490260060e+03
1.620000000000000000e+02,9.206572430877713487e+00,8.757775137858821836e+03
1.630000000000000000e+02,9.211412427469440445e+00,8.766981710289699549e+03
1.640000000000000000e+02,9.206011055081944505e+00,8.776193122717169899e+03
1.650000000000000000e+02,9.207568914592229703e+00,8.785399133772250934e+03
1.660000000000000000e+02,9.206670050005413941e+00,8.794606702686844073e+03
1.670000000000000000e+02,9.212808246064014384e+00,8.803813372736849487e+03
1.680000000000000000e+02,9.206247937931948400e+00,8.813026180982913502e+03
1.690000000000000000e+02,9.207670100424365955e+00,8.822232428920844541e+03
1.700000000000000000e+02,9.206561615407736099e+00,8.831440099021270726e+03
1.710000000000000000e+02,9.213582140213475213e+00,8.840646660636677552e+03
1.720000000000000000e+02,9.206313620647961216e+00,8.849860242776891027e+03
1.730000000000000000e+02,9.207651592391812301e+00,8.859066556397538079e+03
1.740000000000000000e+02,9.206320087626409077e+00,8.868274207989930801e+03
1.750000000000000000e+02,9.213533875814391649e+00,8.877480528077558120e+03
1.760000000000000000e+02,9.206298444018102600e+00,8.886694061953370692e+03
1.770000000000000000e+02,9.207457010292273480e+00,8.895900360397390614e+03
1.780000000000000000e+02,9.206054073438281193e+00,8.905107817407682887e+03
1.790000000000000000e+02,9.212647198969534656e+00,8.914313871481121168e+03
1.800000000000000000e+02,9.206232540086602967e+00,8.923526518680089794e+03
1.810000000000000000e+02,9.207063778015253774e+00,8.932732751220177306e+03
1.820000000000000000e+02,9.205754215555316478e+00,8.941939814998191650e+03
1.830000000000000000e+02,9.211084167644003173e+00,8.951145569213746057e+03
1.840000000000000000e+02,9.206176968387808301e+00,8.960356653381390061e+03
1.850000000000000000e+02,9.206570709739935410e+00,8.969562830349779688e+03
1.860000000000000000e+02,9.205495203717873665e+00,8.978769401059518714e+03
1.870000000000000000e+02,9.209174641646313830e+00,8.987974896263236587e+03
1.880000000000000000e+02,9.206179388055716117e+00,8.997184070904882901e+03
1.890000000000000000e+02,9.206099884642753750e+00,9.006390250292937708e+03
1.900000000000000000e+02,9.205304703395995602e+00,9.015596350177580462e+03
1.910000000000000000e+02,9.207261091323744040e+00,9.024801654880977367e+03
1.920000000000000000e+02,9.206185933566302992e+00,9.034008915972301111e+03
1.930000000000000000e+02,9.205715446827525739e+00,9.043215101905867414e+03
1.940000000000000000e+02,9.205241489753461792e+00,9.052420817352694939e+03
1.950000000000000000e+02,9.205722855033855012e+00,9.061626058842448401e+03
1.960000000000000000e+02,9.206219913775385066e+00,9.070831781697481347e+03
1.970000000000000000e+02,9.205492006626627699e+00,9.080038001611257641e+03
1.980000000000000000e+02,9.205399303218655405e+00,9.089243493617883360e+03
1.990000000000000000e+02,9.204838059215944668e+00,9.098448892921103834e+03
2.000000000000000000e+02,9.206288676365147694e+00,9.107653730980318869e+03
2.010000000000000000e+02,9.205422831641044468e+00,9.116860019656684017e+03
2.020000000000000000e+02,9.205859796117692895e+00,9.126065442488325061e+03
2.030000000000000000e+02,9.204563854068510409e+00,9.135271302284443664e+03
2.040000000000000000e+02,9.206398986125350348e+00,9.144475866138511265e+03
2.050000000000000000e+02,9.205491730237554293e+00,9.153682265124636615e+03
2.060000000000000000e+02,9.206803530107208644e+00,9.162887756854874169e+03
2.070000000000000000e+02,9.204678058816170960e+00,9.172094560384981378e+03
2.080000000000000000e+02,9.206580869271419942e+00,9.181299238443796639e+03
2.090000000000000000e+02,9.205699539139459375e+00,9.190505819313068059e+03
2.100000000000000000e+02,9.208233311156618583e+00,9.199711518852207519e+03
2.110000000000000000e+02,9.204964682175159396e+00,9.208919752163365047e+03
2.120000000000000000e+02,9.206765505612565903e+00,9.218124716845541116e+03
2.130000000000000000e+02,9.205928636476528482e+00,9.227331482351153682e+03
2.140000000000000000e+02,9.209913248532757279e+00,9.236537410987628391e+03
2.150000000000000000e+02,9.205278938577976078e+00,9.245747324236162967e+03
2.160000000000000000e+02,9.206923984346758516e+00,9.254952603174740943e+03
2.170000000000000000e+02,9.206083542730084446e+00,9.264159527159086792e+03
2.180000000000000000e+02,9.211540520162998291e+00,9.273365610701817786e+03
2.190000000000000000e+02,9.205582439182762755e+00,9.282577151221979875e+03
2.200000000000000000e+02,9.207070030557588325e+00,9.291782733661162638e+03
2.210000000000000000e+02,9.206098252524498093e+00,9.300989803691720226e+03
2.220000000000000000e+02,9.212731598920981924e+00,9.310195901944243815e+03
2.230000000000000000e+02,9.205767405193910236e+00,9.319408633543165706e+03
2.240000000000000000e+02,9.207150028009891685e+00,9.328614400948359616e+03
2.250000000000000000e+02,9.205931039369716018e+00,9.337821550976368599e+03
2.260000000000000000e+02,9.213161301845502749e+00,9.347027482015739224e+03
2.270000000000000000e+02,9.205828145811210561e+00,9.356240643317585636e+03
2.280000000000000000e+02,9.207098686956669553e+00,9.365446471463395937e+03
2.290000000000000000e+02,9.205714550964330556e+00,9.374653570150352607e+03
2.300000000000000000e+02,9.212718197461072123e+00,9.383859284701316938e+03
2.310000000000000000e+02,9.205846330630265584e+00,9.393072002898778010e+03
2.320000000000000000e+02,9.206866311285921256e+00,9.402277849229409185e+03
2.330000000000000000e+02,9.205483245617870125e+00,9.411484715540693287e+03
2.340000000000000000e+02,9.211469643157215614e+00,9.420690198786312976e+03
2.350000000000000000e+02,9.205834550733925425e+00,9.429901668429469282e+03
2.360000000000000000e+02,9.206466999419717467e+00,9.439107502980203208e+03
2.370000000000000000e+02,9.205254576397237543e+00,9.448313969979622925e+03
2.380000000000000000e+02,9.209694921310983773e+00,9.457519224556021072e+03
2.390000000000000000e+02,9.205872434985394648e+00,9.466728919477331146e+03
2.400000000000000000e+02,9.206032524713009479e+00,9.475934791912317451e+03
2.410000000000000000e+02,9.205096694062376628e+00,9.485140824437028641e+03
2.420000000000000000e+02,9.207769318477403431e+00,9.494345921131091018e+03
2.430000000000000000e+02,9.205950047430633276e+00,9.503553690449569331e+03
2.440000000000000000e+02,9.205650311068893643e+00,9.512759640496999054e+03
2.450000000000000000e+02,9.205029725064377999e+00,9.521965290808067948e+03
2.460000000000000000e+02,9.206061124694315367e+00,9.531170320533132326e+03
2.470000000000000000e+02,9.206030197173276974e+00,9.540376381657828460e+03
2.480000000000000000e+02,9.205391550342028495e+00,9.549582411855000828e+03
2.490000000000000000e+02,9.205149188007453631e+00,9.558787803405342856e+03
2.500000000000000000e+02,9.204934391359529400e+00,9.567992952593351220e+03
2.510000000000000000e+02,9.206150020368113474e+00,9.577197886984709839e+03
2.520000000000000000e+02,9.205306166190894146e+00,9.586404037005078862e+03
2.530000000000000000e+02,9.205554759952974564e+00,9.595609343171268847e+03
2.540000000000000000e+02,9.204498262778542994e+00,9.604814897931220912e+03
2.550000000000000000e+02,9.206301254707796033e+00,9.614019396194000365e+03
2.560000000000000000e+02,9.205363573767499474e+00,9.623225697448708161e+03
2.570000000000000000e+02,9.206382343407312874e+00,9.632431061022474751e+03
2.580000000000000000e+02,9.204549132182364701e+00,9.641637443365882064e+03
2.590000000000000000e+02,9.206510780379176140e+00,9.650841992498066247e+03
2.600000000000000000e+02,9.205568782707814535e+00,9.660048503278445423e+03
2.610000000000000000e+02,9.207724469293680158e+00,9.669254072061152328e+03
2.620000000000000000e+02,9.204865782494380255e+00,9.678461796530446009e+03
2.630000000000000000e+02,9.206769758747213928e+00,9.687666662312940389e+03
2.640000000000000000e+02,9.205872777168224275e+00,9.696873432071686693e+03
2.650000000000000000e+02,9.209412769354457851e+00,9.706079304848855827e+03
2.660000000000000000e+02,9.205257176209670433e+00,9.715288717618210285e+03
2.670000000000000000e+02,9.206998637023389165e+00,9.724493974794419046e+03
2.680000000000000000e+02,9.206134818994542002e+00,9.733700973431443344e+03
2.690000000000000000e+02,9.211142697040486382e+00,9.742907108250437886e+03
2.700000000000000000e+02,9.205634423354240425e+00,9.752118250947478373e+03
2.710000000000000000e+02,9.207199085768479563e+00,9.761323885370831704e+03
2.720000000000000000e+02,9.206281490164656134e+00,9.770531084456601093e+03
2.730000000000000000e+02,9.212582768125685106e+00,9.779737365946766658e+03
2.740000000000000000e+02,9.205937222055581515e+00,9.788949948714891434e+03
2.750000000000000000e+02,9.207356887210153218e+00,9.798155885936947016e+03
2.760000000000000000e+02,9.206234503380073875e+00,9.807363242824158078e+03
2.770000000000000000e+02,9.213358100573714182e+00,9.816569477327537243e+03
2.780000000000000000e+02,9.206071700678876368e+00,9.825782835428111866e+03
2.790000000000000000e+02,9.207388614903720736e+00,9.834988907128790743e+03
2.800000000000000000e+02,9.206042589441494783e+00,9.844196295743693554e+03
2.810000000000000000e+02,9.213257272981536516e+00,9.853402338333135049e+03
2.820000000000000000e+02,9.206116024365655903e+00,9.862615595606115676e+03
2.830000000000000000e+02,9.207242698308618856e+00,9.871821711630482241e+03
2.840000000000000000e+02,9.205832468785956735e+00,9.881028954328790860e+03
2.850000000000000000e+02,9.212302901778457453e+00,9.890234786797576817e+03
2.860000000000000000e+02,9.206109422933877795e+00,9.899447089699355274e+03
2.870000000000000000e+02,9.206898023375288176e+00,9.908653199122289152e+03
2.880000000000000000e+02,9.205592098223860376e+00,9.917860097145665350e+03
2.890000000000000000e+02,9.210683733476798807e+00,9.927065689243889210e+03
2.900000000000000000e+02,9.206092542340229556e+00,9.936276372977365099e+03
2.910000000000000000e+02,9.206436553534331324e+00,9.945482465519704419e+03
2.920000000000000000e+02,9.205382743222799036e+00,9.954688902073239660e+03
2.930000000000000000e+02,9.208765291736199288e+00,9.963894284816462459e+03
2.940000000000000000e+02,9.206131422632097383e+00,9.973103050108198659e+03
2.950000000000000000e+02,9.205999150703064515e+00,9.982309181530830756e+03
2.960000000000000000e+02,9.205247415601661487e+00,9.991515180681533820e+03
2.970000000000000000e+02,9.206916234298660129e+00,1.000072042809713457e+04
2.980000000000000000e+02,9.206178208612072922e+00,1.000992734433143414e+04
2.990000000000000000e+02,9.205651097800000571e+00,1.001913352254004712e+04
3.000000000000000000e+02,9.205233780685375677e+00,1.002833917363784713e+04
3.010000000000000000e+02,9.205489983134611975e+00,1.003754440741853250e+04
3.020000000000000000e+02,9.206241237350695883e+00,1.004674989740166711e+04
3.030000000000000000e+02,9.205463814770155295e+00,1.005595613863901599e+04
3.040000000000000000e+02,9.205460687693630462e+00,1.006516160245378705e+04
3.050000000000000000e+02,9.204743037113985338e+00,1.007436706314148068e+04
3.060000000000000000e+02,9.206342742056222050e+00,1.008357180617859558e+04
3.070000000000000000e+02,9.205440959241059318e+00,1.009277814892064998e+04
3.080000000000000000e+02,9.206039294834226894e+00,1.010198358987989195e+04
3.090000000000000000e+02,9.204585441347262531e+00,1.011118962917472527e+04
3.100000000000000000e+02,9.206478551619511563e+00,1.012039421461607344e+04
3.110000000000000000e+02,9.205543198052509979e+00,1.012960069316769295e+04
3.120000000000000000e+02,9.207103381578235712e+00,1.013880623636574455e+04
3.130000000000000000e+02,9.204768786426939187e+00,1.014801333974732370e+04
3.140000000000000000e+02,9.206681190657036495e+00,1.015721810853375064e+04
3.150000000000000000e+02,9.205772448505740613e+00,1.016642478972440767e+04
3.160000000000000000e+02,9.208616372709002462e+00,1.017563056217291341e+04
3.170000000000000000e+02,9.205104656232833804e+00,1.018483917854562242e+04
3.180000000000000000e+02,9.206894666432162921e+00,1.019404428320185616e+04
3.190000000000000000e+02,9.206021129930377356e+00,1.020325117786828741e+04
3.200000000000000000e+02,9.210317357804342464e+00,1.021245719899821779e+04
3.210000000000000000e+02,9.205437250686372863e+00,1.022166751635602122e+04
3.220000000000000000e+02,9.207066829954783316e+00,1.023087295360670760e+04
3.230000000000000000e+02,9.206175374303711578e+00,1.024008002043666420e+04
3.240000000000000000e+02,9.211895179962084512e+00,1.024928619581096791e+04
3.250000000000000000e+02,9.205731932745948143e+00,1.025849809099092818e+04
3.260000000000000000e+02,9.207212630735739367e+00,1.026770382292367503e+04
3.270000000000000000e+02,9.206184624844354403e+00,1.027691103555441077e+04
3.280000000000000000e+02,9.212994034538496635e+00,1.028611722017925422e+04
3.290000000000000000e+02,9.205908963732326811e+00,1.029533021421379453e+04
3.300000000000000000e+02,9.207277100402279757e+00,1.030453612317752595e+04
3.310000000000000000e+02,9.206010363737732405e+00,1.031374340027792823e+04
3.320000000000000000e+02,9.213290859223889129e+00,1.032294941064166596e+04
3.330000000000000000e+02,9.205956114416949276e+00,1.033216270150088894e+04
3.340000000000000000e+02,9.207189584445586661e+00,1.034136865761530680e+04
3.350000000000000000e+02,9.205782870595612621e+00,1.035057584719975239e+04
3.360000000000000000e+02,9.212715654244675534e+00,1.035978163007034891e+04
3.370000000000000000e+02,9.205961423190274218e+00,1.036899434572459359e+04
3.380000000000000000e+02,9.206930728078077664e+00,1.037820030714778295e+04
3.390000000000000000e+02,9.205551163187919883e+00,1.038740723787586103e+04
3.400000000000000000e+02,9.211380543799350562e+00,1.039661278903904895e+04
3.410000000000000000e+02,9.205931431436511048e+00,1.040582416958284739e+04
3.420000000000000000e+02,9.206511748935554351e+00,1.041503010101428481e+04
3.430000000000000000e+02,9.205314130253100302e+00,1.042423661276321945e+04
3.440000000000000000e+02,9.209567439012062096e+00,1.043344192689347256e+04
3.450000000000000000e+02,9.205940833326167194e+00,1.044265149433248553e+04
3.460000000000000000e+02,9.206059742940851720e+00,1.045185743516581169e+04
3.470000000000000000e+02,9.205148971635026101e+00,1.046106349490875255e+04
3.480000000000000000e+02,9.207659849467745516e+00,1.047026864388038666e+04
3.490000000000000000e+02,9.206005829561036080e+00,1.047947630372985441e+04
3.500000000000000000e+02,9.205675684225752775e+00,1.048868230955941544e+04
3.510000000000000000e+02,9.205079742773705220e+00,1.049788798524364211e+04
3.520000000000000000e+02,9.206002674965020560e+00,1.050709306498641672e+04
3.530000000000000000e+02,9.206078228658952867e+00,1.051629906766138083e+04
3.540000000000000000e+02,9.205417428591317730e+00,1.052550514589003978e+04
3.550000000000000000e+02,9.205194266279249860e+00,1.053471056331863110e+04
3.560000000000000000e+02,9.204923245097234030e+00,1.054391575758490944e+04
3.570000000000000000e+02,9.206194733079428261e+00,1.055312068083000850e+04
3.580000000000000000e+02,9.205338504174505943e+00,1.056232687556308701e+04
3.590000000000000000e+02,9.205613840828846151e+00,1.057153221406726152e+04
3.600000000000000000e+02,9.204526605569299136e+00,1.058073782790809128e+04
3.610000000000000000e+02,9.206352956621230987e+00,1.058994235451365967e+04
3.620000000000000000e+02,9.205408229346176086e+00,1.059914870747028181e+04
3.630000000000000000e+02,9.206457738565404725e+00,1.060835411569962707e+04
3.640000000000000000e+02,9.204599044817769027e+00,1.061756057343819339e+04
3.650000000000000000e+02,9.206567284971242771e+00,1.062676517248301025e+04
3.660000000000000000e+02,9.205615237231540959e+00,1.063597173976798149e+04
3.670000000000000000e+02,9.207797355847105791e+00,1.064517735500521303e+04
3.680000000000000000e+02,9.204929138348234119e+00,1.065438515236106105e+04
3.690000000000000000e+02,9.206842904102813918e+00,1.066359008149940928e+04
3.700000000000000000e+02,9.205931406815579976e+00,1.067279692440351209e+04
3.710000000000000000e+02,9.209477187885568128e+00,1.068200285581032585e+04
3.720000000000000000e+02,9.205341783023868629e+00,1.069121233299821324e+04
3.730000000000000000e+02,9.207096512523094134e+00,1.070041767478123620e+04
3.740000000000000000e+02,9.206218780041126593e+00,1.070962477129375839e+04
3.750000000000000000e+02,9.211196848211329780e+00,1.071883099007380042e+04
3.760000000000000000e+02,9.205733883194625378e+00,1.072804218692201175e+04
3.770000000000000000e+02,9.207313980727121816e+00,1.073724792080520638e+04
3.780000000000000000e+02,9.206397396877036954e+00,1.074645523478593350e+04
3.790000000000000000e+02,9.212650126805783657e+00,1.075566163218281145e+04
3.800000000000000000e+02,9.206062533057774999e+00,1.076487428230961632e+04
3.810000000000000000e+02,9.207493385107227368e+00,1.077408034484267409e+04
3.820000000000000000e+02,9.206395787718065549e+00,1.078328783822778132e+04
3.830000000000000000e+02,9.213484316819631204e+00,1.079249423401549939e+04
3.840000000000000000e+02,9.206227314580246457e+00,1.080170771833231993e+04
3.850000000000000000e+02,9.207556020219271886e+00,1.081091394564689836e+04
3.860000000000000000e+02,9.206228200254372496e+00,1.082012150166711945e+04
3.870000000000000000e+02,9.213475698866204766e+00,1.082932772986737291e+04
3.880000000000000000e+02,9.206283396144499420e+00,1.083854120556623820e+04
3.890000000000000000e+02,9.207448042782743869e+00,1.084774748896238452e+04
3.900000000000000000e+02,9.206032428135586088e+00,1.085695493700516636e+04
3.910000000000000000e+02,9.212634155355772236e+00,1.086616096943330194e+04
3.920000000000000000e+02,9.206287636626257154e+00,1.087537360358865772e+04
3.930000000000000000e+02,9.207142288325485424e+00,1.088457989122528306e+04
3.940000000000000000e+02,9.205806897110051068e+00,1.089378703351361037e+04
3.950000000000000000e+02,9.211117601059413573e+00,1.090299284041071951e+04
3.960000000000000000e+02,9.206269576635349949e+00,1.091220395801177801e+04
3.970000000000000000e+02,9.206697896578589280e+00,1.092141022758841427e+04
3.980000000000000000e+02,9.205599022647220409e+00,1.093061692548499195e+04
3.990000000000000000e+02,9.209261356729257386e+00,1.093982252450763917e+04
4.000000000000000000e+02,9.206308353122949484e+00,1.094903178586436843e+04
4.010000000000000000e+02,9.206262629535558517e+00,1.095823809421749320e+04
4.020000000000000000e+02,9.205462702145268850e+00,1.096744435684702694e+04
4.030000000000000000e+02,9.207422001611121232e+00,1.097664981954917312e+04
4.040000000000000000e+02,9.206365937472583028e+00,1.098585724155078424e+04
4.050000000000000000e+02,9.205910422384476988e+00,1.099506360748825682e+04
4.060000000000000000e+02,9.205432625719367934e+00,1.100426951791064130e+04
4.070000000000000000e+02,9.205935721293826646e+00,1.101347495053636158e+04
4.080000000000000000e+02,9.206435832943498099e+00,1.102268088625765449e+04
4.090000000000000000e+02,9.205713002213997243e+00,1.103188732209059890e+04
4.100000000000000000e+02,9.205617235656063713e+00,1.104109303509281199e+04
4.110000000000000000e+02,9.205087660840945318e+00,1.105029865232846714e+04
4.120000000000000000e+02,9.206548218226998870e+00,1.105950373998930809e+04
4.130000000000000000e+02,9.205687745905379415e+00,1.106871028820753600e+04
4.140000000000000000e+02,9.206107160773171927e+00,1.107791597595344138e+04
4.150000000000000000e+02,9.204852014857351605e+00,1.108712208311421455e+04
4.160000000000000000e+02,9.206693698145500093e+00,1.109632693512907281e+04
4.170000000000000000e+02,9.205789863178324595e+00,1.110553362882721740e+04
4.180000000000000000e+02,9.207036024096851179e+00,1.111473941869039481e+04
4.190000000000000000e+02,9.204993607583674020e+00,1.112394645471449257e+04
4.200000000000000000e+02,9.206900841953029158e+00,1.113315144832207625e+04
4.210000000000000000e+02,9.206020815524425416e+00,1.114235834916402928e+04
4.220000000000000000e+02,9.208429380916641094e+00,1.115156436997955461e+04
4.230000000000000000e+02,9.205312002011851291e+00,1.116077279936047125e+04
4.240000000000000000e+02,9.207121587934125273e+00,1.116997811136248129e+04
4.250000000000000000e+02,9.206283320612783427e+00,1.117918523295041632e+04
4.260000000000000000e+02,9.210075240903279337e+00,1.118839151627102910e+04
4.270000000000000000e+02,9.205633102739739115e+00,1.119760159151193147e+04
4.280000000000000000e+02,9.207289030987340084e+00,1.120680722461467303e+04
4.290000000000000000e+02,9.206447276628750842e+00,1.121601451364565946e+04
4.300000000000000000e+02,9.211686557471693959e+00,1.122522096092228821e+04
4.310000000000000000e+02,9.205906554885586957e+00,1.123443264747975991e+04
4.320000000000000000e+02,9.207416240207749070e+00,1.124363855403464549e+04
4.330000000000000000e+02,9.206455677996927989e+00,1.125284597027485324e+04
4.340000000000000000e+02,9.212923328240322007e+00,1.126205242595285017e+04
4.350000000000000000e+02,9.206056220536083856e+00,1.127126534928108958e+04
4.360000000000000000e+02,9.207459510083936038e+00,1.128047140550162658e+04
4.370000000000000000e+02,9.206252386011328781e+00,1.128967886501171051e+04
4.380000000000000000e+02,9.213429916985660384e+00,1.129888511739772184e+04
4.390000000000000000e+02,9.206049318469922582e+00,1.130809854731470841e+04
4.400000000000000000e+02,9.207341297624225263e+00,1.131730459663317743e+04
4.410000000000000000e+02,9.205959123713910230e+00,1.132651193793080165e+04
4.420000000000000000e+02,9.213065898798049602e+00,1.133571789705451556e+04
4.430000000000000000e+02,9.205986194266188249e+00,1.134493096295331270e+04
4.440000000000000000e+02,9.207039592554792762e+00,1.135413694914757980e+04
4.450000000000000000e+02,9.205653298836296017e+00,1.136334398874013459e+04
4.460000000000000000e+02,9.211885709234593378e+00,1.137254964203897180e+04
4.470000000000000000e+02,9.205882765466412820e+00,1.138176152774820548e+04
4.480000000000000000e+02,9.206561559567489894e+00,1.139096741051367280e+04
4.490000000000000000e+02,9.205331172108344617e+00,1.140017397207324029e+04
4.500000000000000000e+02,9.210118846392106207e+00,1.140937930324534682e+04
4.510000000000000000e+02,9.205812130304366292e+00,1.141858942209173983e+04
4.520000000000000000e+02,9.206033802835918323e+00,1.142779523422204511e+04
4.530000000000000000e+02,9.205072281729371753e+00,1.143700126802488012e+04
4.540000000000000000e+02,9.208135757087802631e+00,1.144620634030660949e+04
4.550000000000000000e+02,9.205807990144421638e+00,1.145541447606369729e+04
4.560000000000000000e+02,9.205574455131682043e+00,1.146462028405384262e+04
4.570000000000000000e+02,9.204904144397914934e+00,1.147382585850897340e+04
4.580000000000000000e+02,9.206294975549099036e+00,1.148303076265337222e+04
4.590000000000000000e+02,9.205818904220905097e+00,1.149223705762892132e+04
4.600000000000000000e+02,9.205242925732818549e+00,1.150144287653314132e+04
4.610000000000000000e+02,9.204900839417859970e+00,1.151064811945887413e+04
4.620000000000000000e+02,9.204962016202443920e+00,1.151985302029829109e+04
4.630000000000000000e+02,9.205877835403043719e+00,1.152905798231449444e+04
4.640000000000000000e+02,9.205095306478142447e+00,1.153826386014989839e+04
4.650000000000000000e+02,9.205168238477199338e+00,1.154746895545637562e+04
4.660000000000000000e+02,9.204333662385579373e+00,1.155667412369485282e+04
4.670000000000000000e+02,9.205985038012840960e+00,1.156587845735723749e+04
4.680000000000000000e+02,9.205104120447686000e+00,1.157508444239525124e+04
4.690000000000000000e+02,9.205820242282243271e+00,1.158428954651569802e+04
4.700000000000000000e+02,9.204257586041421746e+00,1.159349536675798117e+04
4.710000000000000000e+02,9.206145404899871210e+00,1.160269962434402260e+04
4.720000000000000000e+02,9.206593990000000005e+00,1.161190576974892247e+04
