Epoch,Modified period,Transit peak
0.000000000000000000e+00,1.235367494201318550e+01,7.270061090526756743e+03
1.000000000000000000e+00,1.235072313076716455e+01,7.282414765468769474e+03
2.000000000000000000e+00,1.235437237363703389e+01,7.294765488599536184e+03
3.000000000000000000e+00,1.235358277160594298e+01,7.307119860973173672e+03
4.000000000000000000e+00,1.234923889354058701e+01,7.319473443744779615e+03
5.000000000000000000e+00,1.235418678880932930e+01,7.331822682638319748e+03
6.000000000000000000e+00,1.235362154769973131e+01,7.344176869427129532e+03
7.000000000000000000e+00,1.234818992463578979e+01,7.356530490974829263e+03
8.000000000000000000e+00,1.235400151881731290e+01,7.368878680899464598e+03
9.000000000000000000e+00,1.235369861741082786e+01,7.381232682418281911e+03
1.000000000000000000e+01,1.234769389042639887e+01,7.393586381035693194e+03
1.100000000000000000e+01,1.235384769394659088e+01,7.405934074926119138e+03
1.200000000000000000e+01,1.235390020717704829e+01,7.418287922620065729e+03
1.300000000000000000e+01,1.234795103774013114e+01,7.430641822827243232e+03
1.400000000000000000e+01,1.235378666293763672e+01,7.442989773864983363e+03
1.500000000000000000e+01,1.235412827007212400e+01,7.455343560527920999e+03
1.600000000000000000e+01,1.234887426437353497e+01,7.467697688797992669e+03
1.700000000000000000e+01,1.235385160198575250e+01,7.480046563062366658e+03
1.800000000000000000e+01,1.235441264142991713e+01,7.492400414664352866e+03
1.900000000000000000e+01,1.235029987058442202e+01,7.504754827305781873e+03
2.000000000000000000e+01,1.235393980877734066e+01,7.517105127176366295e+03
2.100000000000000000e+01,1.235462482629782244e+01,7.529459066985144091e+03
2.200000000000000000e+01,1.235192089212887367e+01,7.541813691811441458e+03
2.300000000000000000e+01,1.235409840847114538e+01,7.554165612703571242e+03
2.400000000000000000e+01,1.235487129651664873e+01,7.566519711112041477e+03
2.500000000000000000e+01,1.235345770535195697e+01,7.578874582408558126e+03
2.600000000000000000e+01,1.235422459847359278e+01,7.591228040113910538e+03
2.700000000000000000e+01,1.235502108017271894e+01,7.603582264712384131e+03
2.800000000000000000e+01,1.235456934888952674e+01,7.615937285792557304e+03
2.900000000000000000e+01,1.235432489608729156e+01,7.628291855141445922e+03
3.000000000000000000e+01,1.235502481490448190e+01,7.640646180037533668e+03
3.100000000000000000e+01,1.235507403024575979e+01,7.653001204852438605e+03
3.200000000000000000e+01,1.235431169361618231e+01,7.665356278882683910e+03
3.300000000000000000e+01,1.235458325828858506e+01,7.677710590576300092e+03
3.400000000000000000e+01,1.235521661406346539e+01,7.690065173834588677e+03
3.500000000000000000e+01,1.235431819442328560e+01,7.702420390448652142e+03
3.600000000000000000e+01,1.235358851706541827e+01,7.714774708643075428e+03
3.700000000000000000e+01,1.235517972934076170e+01,7.727128297160141301e+03
3.800000000000000000e+01,1.235424190262483535e+01,7.739483476889481608e+03
3.900000000000000000e+01,1.235212505235131175e+01,7.751837718792106898e+03
4.000000000000000000e+01,1.235506590620161660e+01,7.764189843844457755e+03
4.100000000000000000e+01,1.235419042683724911e+01,7.776544909750658917e+03
4.200000000000000000e+01,1.235053656623767893e+01,7.788899100177496621e+03
4.300000000000000000e+01,1.235486224189526183e+01,7.801249636743734300e+03
4.400000000000000000e+01,1.235416531483997460e+01,7.813604498985629107e+03
4.500000000000000000e+01,1.234921496679180564e+01,7.825958664300469536e+03
4.600000000000000000e+01,1.235469377173285466e+01,7.838307879267261342e+03
4.700000000000000000e+01,1.235425492212561949e+01,7.850662573038994196e+03
4.800000000000000000e+01,1.234840865683236188e+01,7.863016827961119816e+03
4.900000000000000000e+01,1.235446573557828742e+01,7.875365236617952178e+03
5.000000000000000000e+01,1.235437315799163116e+01,7.887719702353530010e+03
5.100000000000000000e+01,1.234832281096760198e+01,7.900074075511522096e+03
5.200000000000000000e+01,1.235433667884171882e+01,7.912422398322489244e+03
5.300000000000000000e+01,1.235457465867557403e+01,7.924776735001330962e+03
5.400000000000000000e+01,1.234896841702038728e+01,7.937131309660006991e+03
5.500000000000000000e+01,1.235427068552235141e+01,7.949480278077027833e+03
5.600000000000000000e+01,1.235479246514978513e+01,7.961834548762550185e+03
5.700000000000000000e+01,1.235024701008069314e+01,7.974189341227699515e+03
5.800000000000000000e+01,1.235431776449104291e+01,7.986539588237779753e+03
5.900000000000000000e+01,1.235498542870118399e+01,7.998893906002271251e+03
6.000000000000000000e+01,1.235179192278883420e+01,8.011248891430972435e+03
6.100000000000000000e+01,1.235435787506094130e+01,8.023600683353761269e+03
6.200000000000000000e+01,1.235514960537057050e+01,8.035955041228822665e+03
6.300000000000000000e+01,1.235337035633619962e+01,8.048310190834192326e+03
6.400000000000000000e+01,1.235446518554181239e+01,8.060663561190529435e+03
6.500000000000000000e+01,1.235527021821280869e+01,8.073018026376070338e+03
6.600000000000000000e+01,1.235455893963444396e+01,8.085373296594283602e+03
6.700000000000000000e+01,1.235451420484014307e+01,8.097727855533918046e+03
6.800000000000000000e+01,1.235527339210375430e+01,8.110082369738758644e+03
6.900000000000000000e+01,1.235519032191996303e+01,8.122437643130861943e+03
7.000000000000000000e+01,1.235450612313570673e+01,8.134792833452782361e+03
7.100000000000000000e+01,1.235488474657813640e+01,8.147147339575917613e+03
7.200000000000000000e+01,1.235528761872365067e+01,8.159502224322495749e+03
7.300000000000000000e+01,1.235444291298153985e+01,8.171857511941219855e+03
7.400000000000000000e+01,1.235396850409097169e+01,8.184211954854201394e+03
7.500000000000000000e+01,1.235524880385764845e+01,8.196565923358291911e+03
7.600000000000000000e+01,1.235435337284343404e+01,8.208921172162150469e+03
7.700000000000000000e+01,1.235252392112215603e+01,8.221275525534992994e+03
7.800000000000000000e+01,1.235506039611209417e+01,8.233628049456114240e+03
7.900000000000000000e+01,1.235422572616153047e+01,8.245983109852226335e+03
8.000000000000000000e+01,1.235089874667482945e+01,8.258337335578387865e+03
8.100000000000000000e+01,1.235482198790396069e+01,8.270688234325063604e+03
8.200000000000000000e+01,1.235409741932562611e+01,8.283043056312966655e+03
8.300000000000000000e+01,1.234938754324866750e+01,8.295397153732294100e+03
8.400000000000000000e+01,1.235454236000441597e+01,8.307746541275540949e+03
8.500000000000000000e+01,1.235407084582857351e+01,8.320101083635545365e+03
8.600000000000000000e+01,1.234838571060481627e+01,8.332455154481374848e+03
8.700000000000000000e+01,1.235427511831585434e+01,8.344803540191980574e+03
8.800000000000000000e+01,1.235407782610673166e+01,8.357157815310296428e+03
8.900000000000000000e+01,1.234796988402194984e+01,8.369511893136401341e+03
9.000000000000000000e+01,1.235401271545197233e+01,8.381859863020425109e+03
9.100000000000000000e+01,1.235417946829875291e+01,8.394213875735877082e+03
9.200000000000000000e+01,1.234831503108034667e+01,8.406568055204174016e+03
9.300000000000000000e+01,1.235386004390966264e+01,8.418916370235256181e+03
9.400000000000000000e+01,1.235430429383541195e+01,8.431270230279165844e+03
9.500000000000000000e+01,1.234927614554726460e+01,8.443624534573000346e+03
9.600000000000000000e+01,1.235382368117188889e+01,8.455973810718547611e+03
9.700000000000000000e+01,1.235448281551634864e+01,8.468327634399720409e+03
9.800000000000000000e+01,1.235068526135910361e+01,8.480682117215235849e+03
9.900000000000000000e+01,1.235383974126216344e+01,8.493032802476594952e+03
1.000000000000000000e+02,1.235459384943533223e+01,8.505386642217858025e+03
1.010000000000000000e+02,1.235219122476974007e+01,8.517741236067293357e+03
1.020000000000000000e+02,1.235392350211350276e+01,8.530093427292062188e+03
1.030000000000000000e+02,1.235474842333314882e+01,8.542447350794176600e+03
1.040000000000000000e+02,1.235356520599543728e+01,8.554802099217507930e+03
1.050000000000000000e+02,1.235400673780077341e+01,8.567155664423504277e+03
1.060000000000000000e+02,1.235481103784968582e+01,8.579509671161304141e+03
1.070000000000000000e+02,1.235447431740431057e+01,8.591864482199154736e+03
1.080000000000000000e+02,1.235406991218769690e+01,8.604218956516559047e+03
1.090000000000000000e+02,1.235472320212193154e+01,8.616573026428746743e+03
1.100000000000000000e+02,1.235483791665046738e+01,8.628927749630867766e+03
1.110000000000000000e+02,1.235403490869430243e+01,8.641282587547519142e+03
1.120000000000000000e+02,1.235416175673435646e+01,8.653636622456213445e+03
1.130000000000000000e+02,1.235490250077873498e+01,8.665990784212946892e+03
1.140000000000000000e+02,1.235402020859055483e+01,8.678345686713726536e+03
1.150000000000000000e+02,1.235311802334854292e+01,8.690699706922318001e+03
1.160000000000000000e+02,1.235484198319591087e+01,8.703052824945665634e+03
1.170000000000000000e+02,1.235392567652161233e+01,8.715407666928862454e+03
1.180000000000000000e+02,1.235165529546793550e+01,8.727761592605384067e+03
1.190000000000000000e+02,1.235469869597818615e+01,8.740113247900852002e+03
1.200000000000000000e+02,1.235385386765574367e+01,8.752467946596829279e+03
1.210000000000000000e+02,1.235011987736652372e+01,8.764821800464484113e+03
1.220000000000000000e+02,1.235448200861901569e+01,8.777171920341850637e+03
1.230000000000000000e+02,1.235379539692621620e+01,8.789526402350471471e+03
1.240000000000000000e+02,1.234882660501989449e+01,8.801880197747395869e+03
1.250000000000000000e+02,1.235429624328935461e+01,8.814229024352416673e+03
1.260000000000000000e+02,1.235386507388648170e+01,8.826583320595706027e+03
1.270000000000000000e+02,1.234803501979149587e+01,8.838937185669592509e+03
1.280000000000000000e+02,1.235406820564821828e+01,8.851285220689384005e+03
1.290000000000000000e+02,1.235395443563902518e+01,8.863639288895032223e+03
1.300000000000000000e+02,1.234789325692054263e+01,8.875993243330671248e+03
1.310000000000000000e+02,1.235393946643853269e+01,8.888341136587590881e+03
1.320000000000000000e+02,1.235415243184706924e+01,8.900695076054031233e+03
1.330000000000000000e+02,1.234846875581661152e+01,8.913049228485877393e+03
1.340000000000000000e+02,1.235388959496049210e+01,8.925397697241693095e+03
1.350000000000000000e+02,1.235436836469671107e+01,8.937751586836653587e+03
1.360000000000000000e+02,1.234966725657250208e+01,8.950105955201350298e+03
1.370000000000000000e+02,1.235397468061455584e+01,8.962455622457924619e+03
1.380000000000000000e+02,1.235460602316106815e+01,8.974809597138537356e+03
1.390000000000000000e+02,1.235119838343962329e+01,8.987164203161699334e+03
1.400000000000000000e+02,1.235406154664269707e+01,8.999515401545138957e+03
1.410000000000000000e+02,1.235481303524011309e+01,9.011869463091781654e+03
1.420000000000000000e+02,1.235282832647226314e+01,9.024224276127020858e+03
1.430000000000000000e+02,1.235423780288238049e+01,9.036577104453494030e+03
1.440000000000000000e+02,1.235502781102240988e+01,9.048931342256375501e+03
1.450000000000000000e+02,1.235417656319805246e+01,9.061286370067398821e+03
1.460000000000000000e+02,1.235435860546931508e+01,9.073640546630596873e+03
1.470000000000000000e+02,1.235514564611639798e+01,9.085994905236066188e+03
1.480000000000000000e+02,1.235502319164243090e+01,9.098350050882181677e+03
1.490000000000000000e+02,1.235444606715645932e+01,9.110705074073825017e+03
1.500000000000000000e+02,1.235497552580727643e+01,9.123059520140981476e+03
1.510000000000000000e+02,1.235529520259478886e+01,9.135414495666787843e+03
1.520000000000000000e+02,1.235445424648696644e+01,9.147769790869384451e+03
1.530000000000000000e+02,1.235429346585260646e+01,9.160124245115870508e+03
1.540000000000000000e+02,1.235537782418396091e+01,9.172478538581723114e+03
1.550000000000000000e+02,1.235445827410330821e+01,9.184833916405907075e+03
1.560000000000000000e+02,1.235304811478727061e+01,9.197188374680010384e+03
1.570000000000000000e+02,1.235528287004308368e+01,9.209541422794798564e+03
1.580000000000000000e+02,1.235439332529858802e+01,9.221896705664839828e+03
1.590000000000000000e+02,1.235150723556489538e+01,9.234251098990138416e+03
1.600000000000000000e+02,1.235512671748711000e+01,9.246602606225704221e+03
1.610000000000000000e+02,1.235433370163445943e+01,9.258957732943192241e+03
1.620000000000000000e+02,1.234997847900194756e+01,9.271312066644826700e+03
1.630000000000000000e+02,1.235489434426926891e+01,9.283662045123826829e+03
1.640000000000000000e+02,1.235434225471726677e+01,9.296016939468096098e+03
1.650000000000000000e+02,1.234887993325264688e+01,9.308371281722815183e+03
1.660000000000000000e+02,1.235468117524123954e+01,9.320720161656066921e+03
1.670000000000000000e+02,1.235440028147695557e+01,9.333074842831309070e+03
1.680000000000000000e+02,1.234833987502679520e+01,9.345429243112785116e+03
1.690000000000000000e+02,1.235443730382212379e+01,9.357777582987811911e+03
1.700000000000000000e+02,1.235452936975798366e+01,9.370132020291634035e+03
1.710000000000000000e+02,1.234858246199019050e+01,9.382486549661392928e+03
1.720000000000000000e+02,1.235431144141057302e+01,9.394835132123382209e+03
1.730000000000000000e+02,1.235470038469065912e+01,9.407189443564791873e+03
1.740000000000000000e+02,1.234949899058210576e+01,9.419544143949482532e+03
1.750000000000000000e+02,1.235428342221348430e+01,9.431893642940065547e+03
1.760000000000000000e+02,1.235492065384460147e+01,9.444247926362279031e+03
1.770000000000000000e+02,1.235095231402738136e+01,9.456602847016123633e+03
1.780000000000000000e+02,1.235433673319857917e+01,9.468953799330151014e+03
1.790000000000000000e+02,1.235508491484324622e+01,9.481308136063349593e+03
1.800000000000000000e+02,1.235254878224895947e+01,9.493663220978192840e+03
1.810000000000000000e+02,1.235444240327797161e+01,9.506015769760440890e+03
1.820000000000000000e+02,1.235528328198688541e+01,9.518370212163719771e+03
1.830000000000000000e+02,1.235405109345083474e+01,9.530725495445705747e+03
1.840000000000000000e+02,1.235457621573004872e+01,9.543079546539156581e+03
1.850000000000000000e+02,1.235539063726719178e+01,9.555434122754886630e+03
1.860000000000000000e+02,1.235505605301932519e+01,9.567789513392155641e+03
1.870000000000000000e+02,1.235467889259780350e+01,9.580144569445174056e+03
1.880000000000000000e+02,1.235533780387413572e+01,9.592499248337771860e+03
1.890000000000000000e+02,1.235547742602011567e+01,9.604854586141645996e+03
1.900000000000000000e+02,1.235468765888163034e+01,9.617210063567665202e+03
1.910000000000000000e+02,1.235476547053895047e+01,9.629564751226547742e+03
1.920000000000000000e+02,1.235553095104751264e+01,9.641919516697085783e+03
1.930000000000000000e+02,1.235468966266580537e+01,9.654275047648134205e+03
1.940000000000000000e+02,1.235367011634389200e+01,9.666629737310799101e+03
1.950000000000000000e+02,1.235545110646944522e+01,9.678983407427143902e+03
1.960000000000000000e+02,1.235459621774680272e+01,9.691338858533614257e+03
1.970000000000000000e+02,1.235211720268034696e+01,9.703693454751359241e+03
1.980000000000000000e+02,1.235524893211822928e+01,9.716045571954040497e+03
1.990000000000000000e+02,1.235448991289649712e+01,9.728400820886159636e+03
2.000000000000000000e+02,1.235050442768169887e+01,9.740755310799055223e+03
2.010000000000000000e+02,1.235496779841923853e+01,9.753105815226736013e+03
2.020000000000000000e+02,1.235436694707914285e+01,9.765460783025155251e+03
2.030000000000000000e+02,1.234915168687166442e+01,9.777815149972235304e+03
2.040000000000000000e+02,1.235469389341778879e+01,9.790164301659107878e+03
2.050000000000000000e+02,1.235435573039012525e+01,9.802518995552523847e+03
2.060000000000000000e+02,1.234836285619439877e+01,9.814873351282914882e+03
2.070000000000000000e+02,1.235438094052642555e+01,9.827221714139108371e+03
2.080000000000000000e+02,1.235435306724502880e+01,9.839576095079635706e+03
2.090000000000000000e+02,1.234825099477166077e+01,9.851930448146880735e+03
2.100000000000000000e+02,1.235415138490316167e+01,9.864278699141652396e+03
2.110000000000000000e+02,1.235447350950107648e+01,9.876632850526555558e+03
2.120000000000000000e+02,1.234889119966737780e+01,9.888987324036057544e+03
2.130000000000000000e+02,1.235401614631973644e+01,9.901336215235724012e+03
2.140000000000000000e+02,1.235461699151073844e+01,9.913690231382042839e+03
2.150000000000000000e+02,1.235013276028894325e+01,9.926044848373554487e+03
2.160000000000000000e+02,1.235403569043864991e+01,9.938394981133842521e+03
2.170000000000000000e+02,1.235480245396411192e+01,9.950749016824282080e+03
2.180000000000000000e+02,1.235167646371246519e+01,9.963103819278247101e+03
2.190000000000000000e+02,1.235408557722621481e+01,9.975455495741958657e+03
2.200000000000000000e+02,1.235494924614340562e+01,9.987809581319184872e+03
2.210000000000000000e+02,1.235323945559866843e+01,1.000016453056532919e+04
2.220000000000000000e+02,1.235424827658152935e+01,1.001251777002092786e+04
2.230000000000000000e+02,1.235511324202798278e+01,1.002487201829750848e+04
2.240000000000000000e+02,1.235446272098488407e+01,1.003722713153953737e+04
2.250000000000000000e+02,1.235436864627899922e+01,1.004958159426052225e+04
2.260000000000000000e+02,1.235514794319715293e+01,1.006193596290680034e+04
2.270000000000000000e+02,1.235513839309987816e+01,1.007429111084999749e+04
2.280000000000000000e+02,1.235446174859043822e+01,1.008664624924309828e+04
2.290000000000000000e+02,1.235484082233597292e+01,1.009900071099168781e+04
2.300000000000000000e+02,1.235527951765470789e+01,1.011135555181402378e+04
2.310000000000000000e+02,1.235445415460435470e+01,1.012371083133167849e+04
2.320000000000000000e+02,1.235397756871134334e+01,1.013606528548628194e+04
2.330000000000000000e+02,1.235526620051132340e+01,1.014841926305499510e+04
2.340000000000000000e+02,1.235443040519294300e+01,1.016077452925550460e+04
2.350000000000000000e+02,1.235260009727971919e+01,1.017312895966069846e+04
2.360000000000000000e+02,1.235508055271566263e+01,1.018548155975797818e+04
2.370000000000000000e+02,1.235429950302022917e+01,1.019783664031069384e+04
2.380000000000000000e+02,1.235097556253367657e+01,1.021019093981371407e+04
2.390000000000000000e+02,1.235483586341342743e+01,1.022254191537624865e+04
2.400000000000000000e+02,1.235416433219597820e+01,1.023489675123966117e+04
2.410000000000000000e+02,1.234943467319044430e+01,1.024725091557185806e+04
2.420000000000000000e+02,1.235451688082321198e+01,1.025960035024504759e+04
2.430000000000000000e+02,1.235407234564627288e+01,1.027195486712587081e+04
2.440000000000000000e+02,1.234836533340603637e+01,1.028430893947151708e+04
2.450000000000000000e+02,1.235423372267450759e+01,1.029665730480492311e+04
2.460000000000000000e+02,1.235404627999923832e+01,1.030901153852759671e+04
2.470000000000000000e+02,1.234788591845608607e+01,1.032136558480759777e+04
2.480000000000000000e+02,1.235391913029889110e+01,1.033371347072605204e+04
2.490000000000000000e+02,1.235409280875410332e+01,1.034606738985635093e+04
2.500000000000000000e+02,1.234818385401285923e+01,1.035842148266510594e+04
2.510000000000000000e+02,1.235374309907092538e+01,1.037076966651911789e+04
2.520000000000000000e+02,1.235421818057238852e+01,1.038312340961819064e+04
2.530000000000000000e+02,1.234913769865579525e+01,1.039547762779876211e+04
2.540000000000000000e+02,1.235367548661542969e+01,1.040782676549741882e+04
2.550000000000000000e+02,1.235440115758501634e+01,1.042018044098403334e+04
2.560000000000000000e+02,1.235059833491504833e+01,1.043253484214161836e+04
2.570000000000000000e+02,1.235372757555160206e+01,1.044488544047653340e+04
2.580000000000000000e+02,1.235455205028210912e+01,1.045723916805208501e+04
2.590000000000000000e+02,1.235216153110741288e+01,1.046959372010236621e+04
2.600000000000000000e+02,1.235383182555506210e+01,1.048194588163347362e+04
2.610000000000000000e+02,1.235472972184106766e+01,1.049429971345902959e+04
2.620000000000000000e+02,1.235360810703787138e+01,1.050665444318087066e+04
2.630000000000000000e+02,1.235398872042696894e+01,1.051900805128790853e+04
2.640000000000000000e+02,1.235482521763879049e+01,1.053136204000833459e+04
2.650000000000000000e+02,1.235454119689165964e+01,1.054371686522597520e+04
2.660000000000000000e+02,1.235409840454212826e+01,1.055607140642286686e+04
2.670000000000000000e+02,1.235474615564362466e+01,1.056842550482740808e+04
2.680000000000000000e+02,1.235491487312901882e+01,1.058078025098305079e+04
2.690000000000000000e+02,1.235411623755135224e+01,1.059313516585617981e+04
2.700000000000000000e+02,1.235414167593989987e+01,1.060548928209373116e+04
2.710000000000000000e+02,1.235492033618811547e+01,1.061784342376967106e+04
2.720000000000000000e+02,1.235409561134929390e+01,1.063019834410586009e+04
2.730000000000000000e+02,1.235303237138214172e+01,1.064255243971720847e+04
2.740000000000000000e+02,1.235481632855317002e+01,1.065490547208859061e+04
2.750000000000000000e+02,1.235398248797901033e+01,1.066726028841714469e+04
2.760000000000000000e+02,1.235147671031154459e+01,1.067961427090512370e+04
2.770000000000000000e+02,1.235457641208449786e+01,1.069196574761543525e+04
2.780000000000000000e+02,1.235383577830725699e+01,1.070432032402751975e+04
2.790000000000000000e+02,1.234986699876026250e+01,1.071667415980582700e+04
2.800000000000000000e+02,1.235427874721699482e+01,1.072902402680458727e+04
2.810000000000000000e+02,1.235367461851456028e+01,1.074137830555180335e+04
2.820000000000000000e+02,1.234848972652889643e+01,1.075373198017031973e+04
2.830000000000000000e+02,1.235397946588818741e+01,1.076608046989684772e+04
2.840000000000000000e+02,1.235363098615653143e+01,1.077843444936273590e+04
2.850000000000000000e+02,1.234767334051048238e+01,1.079078808034889153e+04
2.860000000000000000e+02,1.235367589941506594e+01,1.080313575368940292e+04
2.870000000000000000e+02,1.235361269607528811e+01,1.081548942958881889e+04
2.880000000000000000e+02,1.234749254968483001e+01,1.082784304228489418e+04
2.890000000000000000e+02,1.235344517435987655e+01,1.084019053483457901e+04
2.900000000000000000e+02,1.235373077946314879e+01,1.085254398000893707e+04
2.910000000000000000e+02,1.234806751619635179e+01,1.086489771078840204e+04
2.920000000000000000e+02,1.235333693703796598e+01,1.087724577830459748e+04
2.930000000000000000e+02,1.235388422317737422e+01,1.088959911524163545e+04
2.940000000000000000e+02,1.234923583737509034e+01,1.090195299946481282e+04
2.950000000000000000e+02,1.235338354704617814e+01,1.091430223530218791e+04
2.960000000000000000e+02,1.235410586516172771e+01,1.092665561884923409e+04
2.970000000000000000e+02,1.235076371734157874e+01,1.093900972471439673e+04
2.980000000000000000e+02,1.235347286515479936e+01,1.095136048843173739e+04
2.990000000000000000e+02,1.235428133497407543e+01,1.096371396129689310e+04
3.000000000000000000e+02,1.235233739464638347e+01,1.097606824263186718e+04
3.010000000000000000e+02,1.235365680857194093e+01,1.098842058002651174e+04
3.020000000000000000e+02,1.235449912142576068e+01,1.100077423683508459e+04
3.030000000000000000e+02,1.235366454680752213e+01,1.101312873595651035e+04
3.040000000000000000e+02,1.235380098515543068e+01,1.102548240050331879e+04
3.050000000000000000e+02,1.235459958295996330e+01,1.103783620148847331e+04
3.060000000000000000e+02,1.235447673214457609e+01,1.105019080107143236e+04
3.070000000000000000e+02,1.235391124045872857e+01,1.106254527780357785e+04
3.080000000000000000e+02,1.235445528101081436e+01,1.107489918904403748e+04
3.090000000000000000e+02,1.235473883562372066e+01,1.108725364432504648e+04
3.100000000000000000e+02,1.235390283278320567e+01,1.109960838316067020e+04
3.110000000000000000e+02,1.235377900014827901e+01,1.111196228599345341e+04
3.120000000000000000e+02,1.235478360172965040e+01,1.112431606499360350e+04
3.130000000000000000e+02,1.235389476508680673e+01,1.113667084859533134e+04
3.140000000000000000e+02,1.235259368734205054e+01,1.114902474336041996e+04
3.150000000000000000e+02,1.235467124802289618e+01,1.116137733704776110e+04
3.160000000000000000e+02,1.235378125111310510e+01,1.117373200829578491e+04
3.170000000000000000e+02,1.235105809063134075e+01,1.118608578954689801e+04
3.180000000000000000e+02,1.235449007981424074e+01,1.119843684763752753e+04
3.190000000000000000e+02,1.235368716032280645e+01,1.121079133771734269e+04
3.200000000000000000e+02,1.234951566928248212e+01,1.122314502487766549e+04
3.210000000000000000e+02,1.235423514109243115e+01,1.123549454054694797e+04
3.220000000000000000e+02,1.235362899418669258e+01,1.124784877568804040e+04
3.230000000000000000e+02,1.234832574772735825e+01,1.126020240468222619e+04
3.240000000000000000e+02,1.235403189714634209e+01,1.127255073042995355e+04
3.250000000000000000e+02,1.235368745354935527e+01,1.128490476232709989e+04
3.260000000000000000e+02,1.234768402937243081e+01,1.129725844978064924e+04
3.270000000000000000e+02,1.235380127290773089e+01,1.130960613381002258e+04
3.280000000000000000e+02,1.235379866963467066e+01,1.132195993508293031e+04
3.290000000000000000e+02,1.234777981376737443e+01,1.133431373375256589e+04
3.300000000000000000e+02,1.235371823949844838e+01,1.134666151356633236e+04
3.310000000000000000e+02,1.235401811624524271e+01,1.135901523180583172e+04
3.320000000000000000e+02,1.234859174199391418e+01,1.137136924992207605e+04
3.330000000000000000e+02,1.235373197978879034e+01,1.138371784166407087e+04
3.340000000000000000e+02,1.235428209567635349e+01,1.139607157364385785e+04
3.350000000000000000e+02,1.235000570768352190e+01,1.140842585573953511e+04
3.360000000000000000e+02,1.235387650853499508e+01,1.142077586144721863e+04
3.370000000000000000e+02,1.235454813691831077e+01,1.143312973795575454e+04
3.380000000000000000e+02,1.235165197970673034e+01,1.144548428609267285e+04
3.390000000000000000e+02,1.235402710187281627e+01,1.145783593807237776e+04
3.400000000000000000e+02,1.235481255190643424e+01,1.147018996517425148e+04
3.410000000000000000e+02,1.235329730623107025e+01,1.148254477772615792e+04
3.420000000000000000e+02,1.235423730993261415e+01,1.149489807503238990e+04
3.430000000000000000e+02,1.235503363857878867e+01,1.150725231234232160e+04
3.440000000000000000e+02,1.235451272075169982e+01,1.151960734598090130e+04
3.450000000000000000e+02,1.235436956575813383e+01,1.153196185870165209e+04
3.460000000000000000e+02,1.235511372858309187e+01,1.154431622826740931e+04
3.470000000000000000e+02,1.235515232525267493e+01,1.155667134199599241e+04
3.480000000000000000e+02,1.235442450912523782e+01,1.156902649432124599e+04
3.490000000000000000e+02,1.235474805147532606e+01,1.158138091883037123e+04
3.500000000000000000e+02,1.235527998305315123e+01,1.159373566688184656e+04
3.510000000000000000e+02,1.235440955980357103e+01,1.160609094686490062e+04
3.520000000000000000e+02,1.235355569999999936e+01,1.161844535642470328e+04
