Epoch,Modified period,Transit peak
0.000000000000000000e+00,6.098973144193678309e+00,7.263909828522327189e+03
1.000000000000000000e+00,6.098807779530034168e+00,7.270008801666521322e+03
2.000000000000000000e+00,6.099100561496925366e+00,7.276107609446051356e+03
3.000000000000000000e+00,6.099266065532447101e+00,7.282206710007547372e+03
4.000000000000000000e+00,6.098440937773830228e+00,7.288305976073080274e+03
5.000000000000000000e+00,6.099214529350319935e+00,7.294404417010853649e+03
6.000000000000000000e+00,6.098904628681339091e+00,7.300503631540204879e+03
7.000000000000000000e+00,6.098749894642878644e+00,7.306602536168886218e+03
8.000000000000000000e+00,6.098711415502293676e+00,7.312701286063528642e+03
9.000000000000000000e+00,6.099275692251467262e+00,7.318799997479030935e+03
1.000000000000000000e+01,6.098399105689622957e+00,7.324899273171282402e+03
1.100000000000000000e+01,6.098938607548916480e+00,7.330997672276971571e+03
1.200000000000000000e+01,6.098935219366921956e+00,7.337096610884520487e+03
1.300000000000000000e+01,6.098759407374473085e+00,7.343195546103887864e+03
1.400000000000000000e+01,6.098551922348633525e+00,7.349294305511262792e+03
1.500000000000000000e+01,6.099300224828766659e+00,7.355392857433611425e+03
1.600000000000000000e+01,6.098524782791173493e+00,7.361492157658440192e+03
1.700000000000000000e+01,6.098811324814050749e+00,7.367590682441230456e+03
1.800000000000000000e+01,6.099069816442806768e+00,7.373689493766045416e+03
1.900000000000000000e+01,6.098859323782562569e+00,7.379788563582487768e+03
2.000000000000000000e+01,6.098620556865171238e+00,7.385887422906270331e+03
2.100000000000000000e+01,6.099338204357991344e+00,7.391986043463135502e+03
2.200000000000000000e+01,6.098839187813609897e+00,7.398085381667493493e+03
2.300000000000000000e+01,6.098813249152499338e+00,7.404184220855307103e+03
2.400000000000000000e+01,6.099273668948171689e+00,7.410283034104459148e+03
2.500000000000000000e+01,6.099102574980861391e+00,7.416382307773407774e+03
2.600000000000000000e+01,6.098831696599063434e+00,7.422481410348388636e+03
2.700000000000000000e+01,6.099393138756568078e+00,7.428580242044987244e+03
2.800000000000000000e+01,6.099329012902671820e+00,7.434679635183743812e+03
2.900000000000000000e+01,6.098893612462688907e+00,7.440778964196646484e+03
3.000000000000000000e+01,6.099501007539402053e+00,7.446877857809109628e+03
3.100000000000000000e+01,6.099485973905302671e+00,7.452977358816649030e+03
3.200000000000000000e+01,6.099099068364012055e+00,7.459076844790553878e+03
3.300000000000000000e+01,6.099450333467757446e+00,7.465175943858917890e+03
3.400000000000000000e+01,6.099918547412926273e+00,7.471275394192385647e+03
3.500000000000000000e+01,6.099010008819732320e+00,7.477375312739799483e+03
3.600000000000000000e+01,6.099695272613189445e+00,7.483474322748618761e+03
3.700000000000000000e+01,6.099945264145389956e+00,7.489574018021232405e+03
3.800000000000000000e+01,6.099346450059783820e+00,7.495673963285376885e+03
3.900000000000000000e+01,6.099494902112382988e+00,7.501773309735437579e+03
4.000000000000000000e+01,6.100480194868850958e+00,7.507872804637549052e+03
4.100000000000000000e+01,6.099141356006839487e+00,7.513973284832418358e+03
4.200000000000000000e+01,6.099796611239071353e+00,7.520072426188425197e+03
4.300000000000000000e+01,6.100396580115557299e+00,7.526172222799664269e+03
4.400000000000000000e+01,6.099512329475601291e+00,7.532272619379779826e+03
4.500000000000000000e+01,6.099520595410467649e+00,7.538372131709254973e+03
4.600000000000000000e+01,6.100888057898828265e+00,7.544471652304666350e+03
4.700000000000000000e+01,6.099272857631149236e+00,7.550572540362564723e+03
4.800000000000000000e+01,6.099774969992267870e+00,7.556671813220195872e+03
4.900000000000000000e+01,6.100744785789629532e+00,7.562771588190187686e+03
5.000000000000000000e+01,6.099576559061006265e+00,7.568872332975977770e+03
5.100000000000000000e+01,6.099507137462751416e+00,7.574971909535039231e+03
5.200000000000000000e+01,6.101068960444536060e+00,7.581071416672501073e+03
5.300000000000000000e+01,6.099372194760235288e+00,7.587172485632945609e+03
5.400000000000000000e+01,6.099645796028198674e+00,7.593271857827706299e+03
5.500000000000000000e+01,6.100897581603021536e+00,7.599371503623734498e+03
5.600000000000000000e+01,6.099557993918097054e+00,7.605472401205337519e+03
5.700000000000000000e+01,6.099428088229160494e+00,7.611571959199255616e+03
5.800000000000000000e+01,6.101009369562234497e+00,7.617671387287484322e+03
5.900000000000000000e+01,6.099406867230754870e+00,7.623772396657046556e+03
6.000000000000000000e+01,6.099452393782485160e+00,7.629871803524278221e+03
6.100000000000000000e+01,6.100803017664929939e+00,7.635971255918060706e+03
6.200000000000000000e+01,6.099493605086536263e+00,7.642072058935725181e+03
6.300000000000000000e+01,6.099272268103959505e+00,7.648171552540811717e+03
6.400000000000000000e+01,6.100742815929152130e+00,7.654270824808915677e+03
6.500000000000000000e+01,6.099364797790258308e+00,7.660371567624844829e+03
6.600000000000000000e+01,6.099242253882493969e+00,7.666470932422635087e+03
6.700000000000000000e+01,6.100472083430304338e+00,7.672570174676517126e+03
6.800000000000000000e+01,6.099422267895533878e+00,7.678670646759947886e+03
6.900000000000000000e+01,6.099054702274770534e+00,7.684770069027843419e+03
7.000000000000000000e+01,6.100343056515612261e+00,7.690869123730118190e+03
7.100000000000000000e+01,6.099261009191650373e+00,7.696969466786633348e+03
7.200000000000000000e+01,6.099063226095495338e+00,7.703068727795825907e+03
7.300000000000000000e+01,6.099979667100342340e+00,7.709167791021920493e+03
7.400000000000000000e+01,6.099377372716389800e+00,7.715267770689020836e+03
7.500000000000000000e+01,6.098821778102774260e+00,7.721367148061737680e+03
7.600000000000000000e+01,6.099898551007299830e+00,7.727465969839840909e+03
7.700000000000000000e+01,6.099143895321049058e+00,7.733565868390847754e+03
7.800000000000000000e+01,6.098940922890051297e+00,7.739665012286168349e+03
7.900000000000000000e+01,6.099452091303191992e+00,7.745763953209058855e+03
8.000000000000000000e+01,6.099370938990432478e+00,7.751863405300362501e+03
8.100000000000000000e+01,6.098637044982297084e+00,7.757962776239352024e+03
8.200000000000000000e+01,6.099495486113482912e+00,7.764061413284334776e+03
8.300000000000000000e+01,6.099066159814356070e+00,7.770160908770448259e+03
8.400000000000000000e+01,6.098889412503922358e+00,7.776259974930262615e+03
8.500000000000000000e+01,6.099014924855509889e+00,7.782358864342766537e+03
8.600000000000000000e+01,6.099404200456319813e+00,7.788457879267622047e+03
8.700000000000000000e+01,6.098553295519650419e+00,7.794557283468078822e+03
8.800000000000000000e+01,6.099200177106467891e+00,7.800655836763598018e+03
8.900000000000000000e+01,6.099067518749052397e+00,7.806755036940704485e+03
9.000000000000000000e+01,6.098904829862021870e+00,7.812854104459453083e+03
9.100000000000000000e+01,6.098765756182274345e+00,7.818953009289315560e+03
9.200000000000000000e+01,6.099459460508569464e+00,7.825051775045498289e+03
9.300000000000000000e+01,6.098611228044319432e+00,7.831151234506006404e+03
9.400000000000000000e+01,6.099041602163197240e+00,7.837249845734050723e+03
9.500000000000000000e+01,6.099169204816462297e+00,7.843348887336213920e+03
9.600000000000000000e+01,6.098987184253473970e+00,7.849448056541030383e+03
9.700000000000000000e+01,6.098747257099148555e+00,7.855547043725284311e+03
9.800000000000000000e+01,6.099521528157765715e+00,7.861645790982383005e+03
9.900000000000000000e+01,6.098843059877253836e+00,7.867745312510540316e+03
1.000000000000000000e+02,6.099012872254661488e+00,7.873844155570417570e+03
1.010000000000000000e+02,6.099361262317870569e+00,7.879943168442672686e+03
1.020000000000000000e+02,6.099172533472028590e+00,7.886042529704990557e+03
1.030000000000000000e+02,6.098913617574908130e+00,7.892141702238463040e+03
1.040000000000000000e+02,6.099593123093654867e+00,7.898240615856037039e+03
1.050000000000000000e+02,6.099254284387825464e+00,7.904340208979130693e+03
1.060000000000000000e+02,6.099078063657998428e+00,7.910439463263519428e+03
1.070000000000000000e+02,6.099599278624282306e+00,7.916538541327176972e+03
1.080000000000000000e+02,6.099493976496887626e+00,7.922638140605800800e+03
1.090000000000000000e+02,6.099173439493824844e+00,7.928737634582297687e+03
1.100000000000000000e+02,6.099668964653119474e+00,7.934836808021791512e+03
1.110000000000000000e+02,6.099804657732875057e+00,7.940936476986445086e+03
1.120000000000000000e+02,6.099189146980734222e+00,7.947036281644177507e+03
1.130000000000000000e+02,6.099833700754061283e+00,7.953135470791158696e+03
1.140000000000000000e+02,6.099917425786770764e+00,7.959235304491912757e+03
1.150000000000000000e+02,6.099448851615306921e+00,7.965335221917699528e+03
1.160000000000000000e+02,6.099729651098641625e+00,7.971434670769314835e+03
1.170000000000000000e+02,6.100395026378919283e+00,7.977534400420413476e+03
1.180000000000000000e+02,6.099312616464430903e+00,7.983634795446792850e+03
1.190000000000000000e+02,6.100001786467146303e+00,7.989734108063256826e+03
1.200000000000000000e+02,6.100370543972530868e+00,7.995834109849723973e+03
1.210000000000000000e+02,6.099666488948969345e+00,8.001934480393696504e+03
1.220000000000000000e+02,6.099763010642618610e+00,8.008034146882645473e+03
1.230000000000000000e+02,6.100895379282064823e+00,8.014133909893287637e+03
1.240000000000000000e+02,6.099433774926637852e+00,8.020234805272570156e+03
1.250000000000000000e+02,6.100047922679550538e+00,8.026334239047497249e+03
1.260000000000000000e+02,6.100772817566848971e+00,8.032434286970175890e+03
1.270000000000000000e+02,6.099776085465691722e+00,8.038535059787743194e+03
1.280000000000000000e+02,6.099760343973230192e+00,8.044634835873208431e+03
1.290000000000000000e+02,6.101200581794273603e+00,8.050734596217182116e+03
1.300000000000000000e+02,6.099533209523997357e+00,8.056835796798975935e+03
1.310000000000000000e+02,6.099959474283423333e+00,8.062935330008500387e+03
1.320000000000000000e+02,6.101032669288088073e+00,8.069035289482783810e+03
1.330000000000000000e+02,6.099774446408446238e+00,8.075136322152071443e+03
1.340000000000000000e+02,6.099698706821072847e+00,8.081236096598480799e+03
1.350000000000000000e+02,6.101262458170367609e+00,8.087335795305301872e+03
1.360000000000000000e+02,6.099578934344663139e+00,8.093437057763471785e+03
1.370000000000000000e+02,6.099764918586060958e+00,8.099536636697815993e+03
1.380000000000000000e+02,6.101071512408452691e+00,8.105636401616402509e+03
1.390000000000000000e+02,6.099692956633589347e+00,8.111737473128810961e+03
1.400000000000000000e+02,6.099555012192922732e+00,8.117837166085444551e+03
1.410000000000000000e+02,6.101090466527239187e+00,8.123936721097637928e+03
1.420000000000000000e+02,6.099543359935978515e+00,8.130037811564165168e+03
1.430000000000000000e+02,6.099517321601069852e+00,8.136137354924100691e+03
1.440000000000000000e+02,6.100854918580353115e+00,8.142236872245701306e+03
1.450000000000000000e+02,6.099576389082812966e+00,8.148337727164282114e+03
1.460000000000000000e+02,6.099327614258072572e+00,8.154437303553364472e+03
1.470000000000000000e+02,6.100733773599586129e+00,8.160536631167622545e+03
1.480000000000000000e+02,6.099426133198903699e+00,8.166637364941222586e+03
1.490000000000000000e+02,6.099270196373254294e+00,8.172736791074421490e+03
1.500000000000000000e+02,6.100414462555818318e+00,8.178836061270794744e+03
1.510000000000000000e+02,6.099468437470022764e+00,8.184936475733350562e+03
1.520000000000000000e+02,6.099046081725646218e+00,8.191035944170820585e+03
1.530000000000000000e+02,6.100272715150822478e+00,8.197134990252547141e+03
1.540000000000000000e+02,6.099260232209417154e+00,8.203235262967697054e+03
1.550000000000000000e+02,6.099065987791618682e+00,8.209334523199906471e+03
1.560000000000000000e+02,6.099849456276388082e+00,8.215433589187698090e+03
1.570000000000000000e+02,6.099394040988954657e+00,8.221533438643975387e+03
1.580000000000000000e+02,6.098774704850256967e+00,8.227632832684963432e+03
1.590000000000000000e+02,6.099790909523107985e+00,8.233731607389814599e+03
1.600000000000000000e+02,6.099106580734769523e+00,8.239831398299336797e+03
1.610000000000000000e+02,6.098925052091544785e+00,8.245930504880070657e+03
1.620000000000000000e+02,6.099293592783396889e+00,8.252029429932163112e+03
1.630000000000000000e+02,6.099362620249848987e+00,8.258128723524947418e+03
1.640000000000000000e+02,6.098577856848351075e+00,8.264228086145196357e+03
1.650000000000000000e+02,6.099371652479021577e+00,8.270326664002044708e+03
1.660000000000000000e+02,6.099016577611109824e+00,8.276426035654523730e+03
1.670000000000000000e+02,6.098855483278384781e+00,8.282525052232134840e+03
1.680000000000000000e+02,6.098869186904266826e+00,8.288623907715413225e+03
1.690000000000000000e+02,6.099367222015644074e+00,8.294722776902317491e+03
1.700000000000000000e+02,6.098504966286782292e+00,8.300822144124333136e+03
1.710000000000000000e+02,6.099071753697899112e+00,8.306920649090619918e+03
1.720000000000000000e+02,6.099023480427604227e+00,8.313019720844316907e+03
1.730000000000000000e+02,6.098851373229990713e+00,8.319118744324745421e+03
1.740000000000000000e+02,6.098661365786028909e+00,8.325217595697975412e+03
1.750000000000000000e+02,6.099389768076434848e+00,8.331316257063761441e+03
1.760000000000000000e+02,6.098591378302444355e+00,8.337415646831837876e+03
1.770000000000000000e+02,6.098915610120457131e+00,8.343514238210140320e+03
1.780000000000000000e+02,6.099136425854339905e+00,8.349613153820260777e+03
1.790000000000000000e+02,6.098925979929845198e+00,8.355712290246116027e+03
1.800000000000000000e+02,6.098686307140269491e+00,8.361811216226044053e+03
1.810000000000000000e+02,6.099422697274349048e+00,8.367909902533185232e+03
1.820000000000000000e+02,6.098861195216159103e+00,8.374009325230459581e+03
1.830000000000000000e+02,6.098891086979165266e+00,8.380108186425675740e+03
1.840000000000000000e+02,6.099325906674494036e+00,8.386207077512655815e+03
1.850000000000000000e+02,6.099130834323659656e+00,8.392306403419330309e+03
1.860000000000000000e+02,6.098869270384057018e+00,8.398405534253652149e+03
1.870000000000000000e+02,6.099470570400626457e+00,8.404504403524037116e+03
1.880000000000000000e+02,6.099308791232033400e+00,8.410603874094438652e+03
1.890000000000000000e+02,6.098952223436754139e+00,8.416703182885670685e+03
1.900000000000000000e+02,6.099543514883407624e+00,8.422802135109106530e+03
1.910000000000000000e+02,6.099479118465751526e+00,8.428901678623989937e+03
1.920000000000000000e+02,6.099119774918108305e+00,8.435001157742455689e+03
1.930000000000000000e+02,6.099519515591964591e+00,8.441100277517372888e+03
1.940000000000000000e+02,6.099873245706476155e+00,8.447199797032964852e+03
1.950000000000000000e+02,6.099051897181198001e+00,8.453299670278673148e+03
1.960000000000000000e+02,6.099734315820569464e+00,8.459398722175854346e+03
1.970000000000000000e+02,6.099915844252791430e+00,8.465498456491674006e+03
1.980000000000000000e+02,6.099359628587990301e+00,8.471598372335927706e+03
1.990000000000000000e+02,6.099551075936687994e+00,8.477697731964515697e+03
2.000000000000000000e+02,6.100433360931674542e+00,8.483797283040450566e+03
2.010000000000000000e+02,6.099163192660853383e+00,8.489897716401383150e+03
2.020000000000000000e+02,6.099835183970753860e+00,8.495996879594044003e+03
2.030000000000000000e+02,6.100357133570469159e+00,8.502096714778013848e+03
2.040000000000000000e+02,6.099520984852460970e+00,8.508197071911585226e+03
2.050000000000000000e+02,6.099557232500956161e+00,8.514296592896436778e+03
2.060000000000000000e+02,6.100854881375198602e+00,8.520396150128937734e+03
2.070000000000000000e+02,6.099272387540622731e+00,8.526497005010314751e+03
2.080000000000000000e+02,6.099806339886526985e+00,8.532596277397853555e+03
2.090000000000000000e+02,6.100708667318940570e+00,8.538696083737740992e+03
2.100000000000000000e+02,6.099573675706778886e+00,8.544796792405060842e+03
2.110000000000000000e+02,6.099523544344265247e+00,8.550896366080767621e+03
2.120000000000000000e+02,6.101049841367057525e+00,8.556995889625111886e+03
2.130000000000000000e+02,6.099352534257377556e+00,8.563096939466478943e+03
2.140000000000000000e+02,6.099657905590902374e+00,8.569196292000735411e+03
2.150000000000000000e+02,6.100873281435269746e+00,8.575295949906325404e+03
2.160000000000000000e+02,6.099533267740298470e+00,8.581396823187762493e+03
2.170000000000000000e+02,6.099425639992659853e+00,8.587496356455501882e+03
2.180000000000000000e+02,6.100993811698572244e+00,8.593595782095493632e+03
2.190000000000000000e+02,6.099370918500426342e+00,8.599696775907192205e+03
2.200000000000000000e+02,6.099435977341272519e+00,8.605796146825694450e+03
2.210000000000000000e+02,6.100786900656203215e+00,8.611895582803033903e+03
2.220000000000000000e+02,6.099443188968507457e+00,8.617996369703691016e+03
2.230000000000000000e+02,6.099249475866599823e+00,8.624095812892659524e+03
2.240000000000000000e+02,6.100719719443077338e+00,8.630195062368526123e+03
2.250000000000000000e+02,6.099312362328419113e+00,8.636295782087969201e+03
2.260000000000000000e+02,6.099195777662316686e+00,8.642395094450297620e+03
2.270000000000000000e+02,6.100451307186631311e+00,8.648494290227959937e+03
2.280000000000000000e+02,6.099347241573013889e+00,8.654594741535147477e+03
2.290000000000000000e+02,6.099009425363874470e+00,8.660694088776719582e+03
2.300000000000000000e+02,6.100300540005264338e+00,8.666793098202084366e+03
2.310000000000000000e+02,6.099191067990432202e+00,8.672893398742089630e+03
2.320000000000000000e+02,6.098989620204520179e+00,8.678992589810079153e+03
2.330000000000000000e+02,6.099938694834236230e+00,8.685091579430283673e+03
2.340000000000000000e+02,6.099284173784326413e+00,8.691191518125117000e+03
2.350000000000000000e+02,6.098751439086299797e+00,8.697290802298903145e+03
2.360000000000000000e+02,6.099832759365199308e+00,8.703389553737988535e+03
2.370000000000000000e+02,6.099056108063450665e+00,8.709489386497352825e+03
2.380000000000000000e+02,6.098848943338452955e+00,8.715588442605418095e+03
2.390000000000000000e+02,6.099383946147099778e+00,8.721687291548754729e+03
2.400000000000000000e+02,6.099268127559298591e+00,8.727786675494902738e+03
2.410000000000000000e+02,6.098547935509486706e+00,8.733885943622462946e+03
2.420000000000000000e+02,6.099408445928929723e+00,8.739984491557970614e+03
2.430000000000000000e+02,6.098969460746957338e+00,8.746083900003901363e+03
2.440000000000000000e+02,6.098787913673731964e+00,8.752182869464646501e+03
2.450000000000000000e+02,6.098928166521545791e+00,8.758281657378320233e+03
2.460000000000000000e+02,6.099301142103286111e+00,8.764380585544842688e+03
2.470000000000000000e+02,6.098458796669547155e+00,8.770479886686945974e+03
2.480000000000000000e+02,6.099104570134841197e+00,8.776578345483616431e+03
2.490000000000000000e+02,6.098974564526542963e+00,8.782677450053750363e+03
2.500000000000000000e+02,6.098807887542534445e+00,8.788776424618277815e+03
2.510000000000000000e+02,6.098677377577587322e+00,8.794875232505819440e+03
2.520000000000000000e+02,6.099368851791041379e+00,8.800973909883396118e+03
2.530000000000000000e+02,6.098525291730766185e+00,8.807073278735188069e+03
2.540000000000000000e+02,6.098957278447414865e+00,8.813171804026918835e+03
2.550000000000000000e+02,6.099089856890714145e+00,8.819270761305366250e+03
2.560000000000000000e+02,6.098910510496352799e+00,8.825369851162256964e+03
2.570000000000000000e+02,6.098674471411868581e+00,8.831468761672753317e+03
2.580000000000000000e+02,6.099452949496480869e+00,8.837567436144165185e+03
2.590000000000000000e+02,6.098780975611589383e+00,8.843666889093661666e+03
2.600000000000000000e+02,6.098954057436458243e+00,8.849765670069273256e+03
2.610000000000000000e+02,6.099305097719479818e+00,8.855864624126708804e+03
2.620000000000000000e+02,6.099128331941756187e+00,8.861963929224428284e+03
2.630000000000000000e+02,6.098871544788380561e+00,8.868063057556370040e+03
2.640000000000000000e+02,6.099548627348667651e+00,8.874161929101159330e+03
2.650000000000000000e+02,6.099234047936079151e+00,8.880261477728508908e+03
2.660000000000000000e+02,6.099049752452629036e+00,8.886360711776444077e+03
2.670000000000000000e+02,6.099571998034662101e+00,8.892459761528896706e+03
2.680000000000000000e+02,6.099494101759773912e+00,8.898559333526931368e+03
2.690000000000000000e+02,6.099165916289166489e+00,8.904658827628691142e+03
2.700000000000000000e+02,6.099651821155930520e+00,8.910757993544979399e+03
2.710000000000000000e+02,6.099832580210204469e+00,8.916857645366137149e+03
2.720000000000000000e+02,6.099194721303319966e+00,8.922957477946347353e+03
2.730000000000000000e+02,6.099834260060561064e+00,8.929056672667649764e+03
2.740000000000000000e+02,6.099966663074155804e+00,8.935156506927709415e+03
2.750000000000000000e+02,6.099474293011553527e+00,8.941256473590783571e+03
2.760000000000000000e+02,6.099740559938254592e+00,8.947355947883796034e+03
2.770000000000000000e+02,6.100467133292113431e+00,8.953455688443733379e+03
2.780000000000000000e+02,6.099350400359980995e+00,8.959556155577025493e+03
2.790000000000000000e+02,6.100027129455156683e+00,8.965655505977385474e+03
2.800000000000000000e+02,6.100458962678203534e+00,8.971755533106841540e+03
2.810000000000000000e+02,6.099719669706246350e+00,8.977855992069518834e+03
2.820000000000000000e+02,6.099795811905096343e+00,8.983955711739225080e+03
2.830000000000000000e+02,6.100994574156175076e+00,8.990055507551131086e+03
2.840000000000000000e+02,6.099495238196141145e+00,8.996156502125286352e+03
2.850000000000000000e+02,6.100089009565635934e+00,9.002255997363483402e+03
2.860000000000000000e+02,6.100878557480427844e+00,9.008356086373049038e+03
2.870000000000000000e+02,6.099844071613006236e+00,9.014456964930530376e+03
2.880000000000000000e+02,6.099807427021005424e+00,9.020556809002142472e+03
2.890000000000000000e+02,6.101296844739408698e+00,9.026656616429163478e+03
2.900000000000000000e+02,6.099609578503986995e+00,9.032757913273902886e+03
2.910000000000000000e+02,6.100002888002563850e+00,9.038857522852405964e+03
2.920000000000000000e+02,6.101129330810181273e+00,9.044957525740410347e+03
2.930000000000000000e+02,6.099846022787460242e+00,9.051058655071219619e+03
2.940000000000000000e+02,6.099747607180688647e+00,9.057158501094007079e+03
2.950000000000000000e+02,6.101335117550661380e+00,9.063258248701187767e+03
2.960000000000000000e+02,6.099653863660023490e+00,9.069359583818739338e+03
2.970000000000000000e+02,6.099810515966964886e+00,9.075459237682398452e+03
2.980000000000000000e+02,6.101130557816759392e+00,9.081559048198365417e+03
2.990000000000000000e+02,6.099769512117745762e+00,9.087660178756181267e+03
3.000000000000000000e+02,6.099593811188242398e+00,9.093759948268299922e+03
3.010000000000000000e+02,6.101134202857792843e+00,9.099859542079488165e+03
3.020000000000000000e+02,6.099608527182681428e+00,9.105960676282345958e+03
3.030000000000000000e+02,6.099568359462864464e+00,9.112060284809529549e+03
3.040000000000000000e+02,6.100869915358089202e+00,9.118159853168992413e+03
3.050000000000000000e+02,6.099658396351514966e+00,9.124260723084349593e+03
3.060000000000000000e+02,6.099358604689768981e+00,9.130360381480701108e+03
3.070000000000000000e+02,6.100750664434599457e+00,9.136459740085390877e+03
3.080000000000000000e+02,6.099485636153076484e+00,9.142560490749825476e+03
3.090000000000000000e+02,6.099326682438913849e+00,9.148659976385977643e+03
3.100000000000000000e+02,6.100399296990872244e+00,9.154759303068418376e+03
3.110000000000000000e+02,6.099554849460218975e+00,9.160859702365407429e+03
3.120000000000000000e+02,6.099077981322807318e+00,9.166959257214868558e+03
3.130000000000000000e+02,6.100276173247948464e+00,9.173058335196190455e+03
3.140000000000000000e+02,6.099321239995333599e+00,9.179158611369439313e+03
3.150000000000000000e+02,6.099132139800531149e+00,9.185257932609434647e+03
3.160000000000000000e+02,6.099827594812268217e+00,9.191357064749234269e+03
3.170000000000000000e+02,6.099488838900470000e+00,9.197456892344047446e+03
3.180000000000000000e+02,6.098818257393759268e+00,9.203556381182948826e+03
3.190000000000000000e+02,6.099803268931282219e+00,9.209655199440341676e+03
3.200000000000000000e+02,6.099180751747553586e+00,9.215755002709272958e+03
3.210000000000000000e+02,6.099005600008240435e+00,9.221854183461020511e+03
3.220000000000000000e+02,6.099297820586798480e+00,9.227953189061028752e+03
3.230000000000000000e+02,6.099468055198485672e+00,9.234052486881615550e+03
3.240000000000000000e+02,6.098649918283626903e+00,9.240151954936813127e+03
3.250000000000000000e+02,6.099413123022713989e+00,9.246250604855096753e+03
3.260000000000000000e+02,6.099118420694139786e+00,9.252350017978120377e+03
3.270000000000000000e+02,6.098956144090152520e+00,9.258449136398814517e+03
3.280000000000000000e+02,6.098928036331926705e+00,9.264548092542903760e+03
3.290000000000000000e+02,6.099487988452892751e+00,9.270647020579235686e+03
3.300000000000000000e+02,6.098619495366619958e+00,9.276746508567688579e+03
3.310000000000000000e+02,6.099158594250184251e+00,9.282845128063056109e+03
3.320000000000000000e+02,6.099160953064711066e+00,9.288944286657306293e+03
3.330000000000000000e+02,6.098980780657257128e+00,9.295043447610371004e+03
3.340000000000000000e+02,6.098785368940298213e+00,9.301142428391027352e+03
3.350000000000000000e+02,6.099529668696959561e+00,9.307241213759967650e+03
3.360000000000000000e+02,6.098754365747481643e+00,9.313340743428665519e+03
3.370000000000000000e+02,6.099049415971421695e+00,9.319439497794413910e+03
3.380000000000000000e+02,6.099307020029300475e+00,9.325538547210384422e+03
3.390000000000000000e+02,6.099089975366041472e+00,9.331637854230413723e+03
3.400000000000000000e+02,6.098864752265399147e+00,9.337736944205778855e+03
3.410000000000000000e+02,6.099577177815262985e+00,9.343835808958045163e+03
3.420000000000000000e+02,6.099073028481143410e+00,9.349935386135861336e+03
3.430000000000000000e+02,6.099053324234773754e+00,9.356034459164340660e+03
3.440000000000000000e+02,6.099520814942479774e+00,9.362133512488577253e+03
3.450000000000000000e+02,6.099324221928327461e+00,9.368233033303518823e+03
3.460000000000000000e+02,6.099078049483068753e+00,9.374332357525447151e+03
3.470000000000000000e+02,6.099630614439774945e+00,9.380431435574930219e+03
3.480000000000000000e+02,6.099551511605568521e+00,9.386531066189370904e+03
3.490000000000000000e+02,6.099124639662477421e+00,9.392630617700975563e+03
3.500000000000000000e+02,6.099742329259242979e+00,9.398729742340638040e+03
3.510000000000000000e+02,6.099687448045187921e+00,9.404829484669897283e+03
3.520000000000000000e+02,6.099328561307629570e+00,9.410929172117943381e+03
3.530000000000000000e+02,6.099676250797529065e+00,9.417028500679251010e+03
3.540000000000000000e+02,6.100113105090713361e+00,9.423128176930047630e+03
3.550000000000000000e+02,6.099219354790875514e+00,9.429228290035138343e+03
3.560000000000000000e+02,6.099913206844576052e+00,9.435327509389928309e+03
3.570000000000000000e+02,6.100116502206219593e+00,9.441427422596774704e+03
3.580000000000000000e+02,6.099540851524579921e+00,9.447527539098980924e+03
3.590000000000000000e+02,6.099691777612861188e+00,9.453627079950503685e+03
3.600000000000000000e+02,6.100635432769195177e+00,9.459726771728117455e+03
3.610000000000000000e+02,6.099307970047448180e+00,9.465827407160886651e+03
3.620000000000000000e+02,6.099971634991561587e+00,9.471926715130934099e+03
3.630000000000000000e+02,6.100522887128136063e+00,9.478026686765926570e+03
3.640000000000000000e+02,6.099650238809772418e+00,9.484127209653053797e+03
3.650000000000000000e+02,6.099664999757806072e+00,9.490226859891863569e+03
3.660000000000000000e+02,6.100988678493195039e+00,9.496326524891621375e+03
3.670000000000000000e+02,6.099375513948871230e+00,9.502427513570113661e+03
3.680000000000000000e+02,6.099880727878371545e+00,9.508526889084063441e+03
3.690000000000000000e+02,6.100814720711241534e+00,9.514626769811940903e+03
3.700000000000000000e+02,6.099633375178200367e+00,9.520727584532653054e+03
3.710000000000000000e+02,6.099579429179357248e+00,9.526827217907830345e+03
3.720000000000000000e+02,6.101100866892920749e+00,9.532926797337011521e+03
3.730000000000000000e+02,6.099391515078423254e+00,9.539027898203903533e+03
3.740000000000000000e+02,6.099668752886827860e+00,9.545127289718981046e+03
3.750000000000000000e+02,6.100894235245505115e+00,9.551226958471868784e+03
3.760000000000000000e+02,6.099529526662990975e+00,9.557327852707114289e+03
3.770000000000000000e+02,6.099407606327076792e+00,9.563427382233778189e+03
3.780000000000000000e+02,6.100973687508485455e+00,9.569526789840103447e+03
3.790000000000000000e+02,6.099329889413638739e+00,9.575627763527612842e+03
3.800000000000000000e+02,6.099393940489790111e+00,9.581727093417026481e+03
3.810000000000000000e+02,6.100718861740460852e+00,9.587826487357517180e+03
3.820000000000000000e+02,6.099385087301925523e+00,9.593927206219257641e+03
3.830000000000000000e+02,6.099158715464000124e+00,9.600026591306559567e+03
3.840000000000000000e+02,6.100639980064443080e+00,9.606125750022023567e+03
3.850000000000000000e+02,6.099200390641271952e+00,9.612226390002088010e+03
3.860000000000000000e+02,6.099105116802093107e+00,9.618325590392727463e+03
3.870000000000000000e+02,6.100313714422554767e+00,9.624424695509529556e+03
3.880000000000000000e+02,6.099238997628162906e+00,9.630525009223953020e+03
3.890000000000000000e+02,6.098862150241984637e+00,9.636624248221582093e+03
3.900000000000000000e+02,6.100170502041692089e+00,9.642723110371822258e+03
3.910000000000000000e+02,6.099027010805002647e+00,9.648823280873864860e+03
3.920000000000000000e+02,6.098853915716972551e+00,9.654922307884669863e+03
3.930000000000000000e+02,6.099755167582770810e+00,9.661021161800386835e+03
3.940000000000000000e+02,6.099132271562666574e+00,9.667120916967969606e+03
3.950000000000000000e+02,6.098564167388758506e+00,9.673220049239531363e+03
3.960000000000000000e+02,6.099664095844673284e+00,9.679318613406921941e+03
3.970000000000000000e+02,6.098856432905449765e+00,9.685418277502765704e+03
3.980000000000000000e+02,6.098676080477162031e+00,9.691517133935671154e+03
3.990000000000000000e+02,6.099173096433332830e+00,9.697615810016148316e+03
4.000000000000000000e+02,6.099081381062205764e+00,9.703714983112582559e+03
4.010000000000000000e+02,6.098336510891385842e+00,9.709814064493642945e+03
4.020000000000000000e+02,6.099209669273477630e+00,9.715912401004534331e+03
4.030000000000000000e+02,6.098751216295568156e+00,9.722011610673809628e+03
4.040000000000000000e+02,6.098583616038922628e+00,9.728110361890103377e+03
4.050000000000000000e+02,6.098705883407092188e+00,9.734208945506143209e+03
4.060000000000000000e+02,6.099085933750757249e+00,9.740307651389550301e+03
4.070000000000000000e+02,6.098236873289351934e+00,9.746406737323301058e+03
4.080000000000000000e+02,6.098881451704983192e+00,9.752504974196590410e+03
4.090000000000000000e+02,6.098749519370358030e+00,9.758603855648296303e+03
4.100000000000000000e+02,6.098579535641874827e+00,9.764702605167665752e+03
4.110000000000000000e+02,6.098450976485764841e+00,9.770801184703308536e+03
4.120000000000000000e+02,6.099133584646551753e+00,9.776899635679794301e+03
4.130000000000000000e+02,6.098297981881842134e+00,9.782998769264439034e+03
4.140000000000000000e+02,6.098716957289980201e+00,9.789097067246322695e+03
4.150000000000000000e+02,6.098859464927045337e+00,9.795195784203611765e+03
4.160000000000000000e+02,6.098666223781947338e+00,9.801294643668537901e+03
4.170000000000000000e+02,6.098441191455094668e+00,9.807393309892320758e+03
4.180000000000000000e+02,6.099204397093672014e+00,9.813491751083776762e+03
4.190000000000000000e+02,6.098544605754796066e+00,9.819590955480869525e+03
4.200000000000000000e+02,6.098701086149048933e+00,9.825689500086624321e+03
4.210000000000000000e+02,6.099064358088071458e+00,9.831788201172774279e+03
4.220000000000000000e+02,6.098870940790220629e+00,9.837887265530862351e+03
4.230000000000000000e+02,6.098626694132690318e+00,9.843986136471652571e+03
4.240000000000000000e+02,6.099286121947443462e+00,9.850084763165785262e+03
4.250000000000000000e+02,6.098985371936578304e+00,9.856184049287730886e+03
4.260000000000000000e+02,6.098782904022300499e+00,9.862283034659667464e+03
4.270000000000000000e+02,6.099315512497014424e+00,9.868381817563691584e+03
4.280000000000000000e+02,6.099224979487189557e+00,9.874481133076187689e+03
4.290000000000000000e+02,6.098903331729161437e+00,9.880580358055674878e+03
4.300000000000000000e+02,6.099376308981845796e+00,9.886679261387404040e+03
4.310000000000000000e+02,6.099566883523948491e+00,9.892778637696384976e+03
4.320000000000000000e+02,6.098916252408344008e+00,9.898878204579908925e+03
4.330000000000000000e+02,6.099555924045489519e+00,9.904977120832318178e+03
4.340000000000000000e+02,6.099690524905781785e+00,9.911076676756363668e+03
4.350000000000000000e+02,6.099190464197818073e+00,9.917176367281270359e+03
4.360000000000000000e+02,6.099454954623979575e+00,9.923275557745466358e+03
4.370000000000000000e+02,6.100185573737689992e+00,9.929375012700091247e+03
4.380000000000000000e+02,6.099063128251145827e+00,9.935475198273828937e+03
4.390000000000000000e+02,6.099730864498269511e+00,9.941574261402080083e+03
4.400000000000000000e+02,6.100178077769669471e+00,9.947673992266578352e+03
4.410000000000000000e+02,6.099422111476087593e+00,9.953774170344348022e+03
4.420000000000000000e+02,6.099501531349233119e+00,9.959873592455824109e+03
4.430000000000000000e+02,6.100705775098504091e+00,9.965973093987173343e+03
4.440000000000000000e+02,6.099200157776976994e+00,9.972073799762270937e+03
4.450000000000000000e+02,6.099787050389750220e+00,9.978172999920048824e+03
4.460000000000000000e+02,6.100591250432444212e+00,9.984272786970439483e+03
4.470000000000000000e+02,6.099545856249278586e+00,9.990373378220871018e+03
4.480000000000000000e+02,6.099508238266025728e+00,9.996472924077119387e+03
4.490000000000000000e+02,6.101007807139467332e+00,1.000257243231538632e+04
4.500000000000000000e+02,6.099314655553826015e+00,1.000867344012252579e+04
4.510000000000000000e+02,6.099705262006864359e+00,1.001477275477807962e+04
4.520000000000000000e+02,6.100841895481607935e+00,1.002087246004008557e+04
4.530000000000000000e+02,6.099556300106996787e+00,1.002697330193556809e+04
4.540000000000000000e+02,6.099459406839741860e+00,1.003307285823567508e+04
4.550000000000000000e+02,6.101047802492757910e+00,1.003917231764251483e+04
4.560000000000000000e+02,6.099378119531138509e+00,1.004527336544500758e+04
4.570000000000000000e+02,6.099525522414296574e+00,1.005137274356453781e+04
4.580000000000000000e+02,6.100856545026545064e+00,1.005747226908695302e+04
4.590000000000000000e+02,6.099497646288000396e+00,1.006357312563197956e+04
4.600000000000000000e+02,6.099335935067756509e+00,1.006967262327826757e+04
4.610000000000000000e+02,6.100854152263309516e+00,1.007577195921333623e+04
4.620000000000000000e+02,6.099370887229270011e+00,1.008187281336559863e+04
4.630000000000000000e+02,6.099308516817472992e+00,1.008797218425282699e+04
4.640000000000000000e+02,6.100623854440527793e+00,1.009407149276964628e+04
4.650000000000000000e+02,6.099418818989761348e+00,1.010017211662408590e+04
4.660000000000000000e+02,6.099147800178798207e+00,1.010627153544307657e+04
4.670000000000000000e+02,6.100491675372722966e+00,1.011237068324325446e+04
4.680000000000000000e+02,6.099301339858357096e+00,1.011847117491862809e+04
4.690000000000000000e+02,6.099105896032597229e+00,1.012457047625848645e+04
4.700000000000000000e+02,6.100195684366553905e+00,1.013066958215451814e+04
4.710000000000000000e+02,6.099360355302451353e+00,1.013676977783888469e+04
4.720000000000000000e+02,6.098924304640604532e+00,1.014286913819418623e+04
4.730000000000000000e+02,6.100055299217274296e+00,1.014896806249882866e+04
4.740000000000000000e+02,6.099195720013995015e+00,1.015506811779804411e+04
4.750000000000000000e+02,6.098964377246375079e+00,1.016116731351805902e+04
4.760000000000000000e+02,6.099673784175138280e+00,1.016726627789530539e+04
4.770000000000000000e+02,6.099353306432931277e+00,1.017336595167947962e+04
4.780000000000000000e+02,6.098719872945366660e+00,1.017946530498591346e+04
4.790000000000000000e+02,6.099642359890822263e+00,1.018556402485885883e+04
4.800000000000000000e+02,6.099110624913919310e+00,1.019166366721874874e+04
4.810000000000000000e+02,6.098902561501745367e+00,1.019776277784366357e+04
4.820000000000000000e+02,6.099202105618132919e+00,1.020386168040516532e+04
4.830000000000000000e+02,6.099398171661050583e+00,1.020996088251078254e+04
4.840000000000000000e+02,6.098608974885792122e+00,1.021606028068244450e+04
4.850000000000000000e+02,6.099326307739829645e+00,1.022215888965733029e+04
4.860000000000000000e+02,6.099105099779990269e+00,1.022825821596507012e+04
4.870000000000000000e+02,6.098922646126993641e+00,1.023435732106485011e+04
4.880000000000000000e+02,6.098901421430127812e+00,1.024045624371097801e+04
4.890000000000000000e+02,6.099486830925343384e+00,1.024655514513240632e+04
4.900000000000000000e+02,6.098639254882073146e+00,1.025265463196333258e+04
4.910000000000000000e+02,6.099158235394497751e+00,1.025875327121821465e+04
4.920000000000000000e+02,6.099203843668874470e+00,1.026485242945360915e+04
4.930000000000000000e+02,6.099026093544125615e+00,1.027095163329727802e+04
4.940000000000000000e+02,6.098831158944449271e+00,1.027705065939082124e+04
4.950000000000000000e+02,6.099602936466908432e+00,1.028314949054976751e+04
4.960000000000000000e+02,6.098836424443106807e+00,1.028924909348623260e+04
4.970000000000000000e+02,6.099141722585045500e+00,1.029534792991067661e+04
4.980000000000000000e+02,6.099402099133840238e+00,1.030144707163326166e+04
4.990000000000000000e+02,6.099223353849083651e+00,1.030754647373239641e+04
5.000000000000000000e+02,6.098977185396506684e+00,1.031364569708624549e+04
5.010000000000000000e+02,6.099724696233352006e+00,1.031974467427164200e+04
5.020000000000000000e+02,6.099222496658512682e+00,1.032584439896787444e+04
5.030000000000000000e+02,6.099227916367453872e+00,1.033194362146453204e+04
5.040000000000000000e+02,6.099670498565501475e+00,1.033804284938090132e+04
5.050000000000000000e+02,6.099540858392174414e+00,1.034414251987946591e+04
5.060000000000000000e+02,6.099254877763087279e+00,1.035024206073785899e+04
5.070000000000000000e+02,6.099843216661611223e+00,1.035634131561562026e+04
5.080000000000000000e+02,6.099771839264576556e+00,1.036244115883228369e+04
5.090000000000000000e+02,6.099367888467895682e+00,1.036854093067154827e+04
5.100000000000000000e+02,6.099950030264153611e+00,1.037464029856001434e+04
5.110000000000000000e+02,6.099976741321370355e+00,1.038074024859027850e+04
5.120000000000000000e+02,6.099567753704832285e+00,1.038684022533160169e+04
5.130000000000000000e+02,6.099949433763868001e+00,1.039293979308530470e+04
5.140000000000000000e+02,6.100399063729128102e+00,1.039903974251906948e+04
5.150000000000000000e+02,6.099523345188572421e+00,1.040514014158279861e+04
5.160000000000000000e+02,6.100182943365325627e+00,1.041123966492798718e+04
5.170000000000000000e+02,6.100464061722959741e+00,1.041733984787135341e+04
5.180000000000000000e+02,6.099845129245295539e+00,1.042344031193307455e+04
5.190000000000000000e+02,6.100019857210099872e+00,1.042954015706232167e+04
5.200000000000000000e+02,6.100983821846057253e+00,1.043564017691953086e+04
5.210000000000000000e+02,6.099663197554036742e+00,1.044174116074137783e+04
5.220000000000000000e+02,6.100309677220138838e+00,1.044784082393893186e+04
5.230000000000000000e+02,6.100910976681916509e+00,1.045394113361615018e+04
5.240000000000000000e+02,6.100021987761465425e+00,1.046004204459283210e+04
5.250000000000000000e+02,6.100038894232056919e+00,1.046614206658059447e+04
5.260000000000000000e+02,6.101393315122550121e+00,1.047224210547482653e+04
5.270000000000000000e+02,6.099772370610480721e+00,1.047834349878994908e+04
5.280000000000000000e+02,6.100283099184707680e+00,1.048444327116055865e+04
5.290000000000000000e+02,6.101233398362637672e+00,1.049054355425974427e+04
5.300000000000000000e+02,6.100060395109721867e+00,1.049664478765810782e+04
5.310000000000000000e+02,6.099998771636819583e+00,1.050274484805321663e+04
5.320000000000000000e+02,6.101542259597408702e+00,1.050884484682485345e+04
5.330000000000000000e+02,6.099832143877392809e+00,1.051494638908445086e+04
5.340000000000000000e+02,6.100113943210999423e+00,1.052104622122832734e+04
5.350000000000000000e+02,6.101347540402457525e+00,1.052714633517153925e+04
5.360000000000000000e+02,6.099989120835743961e+00,1.053324768271194262e+04
5.370000000000000000e+02,6.099872740368482482e+00,1.053934767183277654e+04
5.380000000000000000e+02,6.101436264732001291e+00,1.054544754457314593e+04
5.390000000000000000e+02,6.099809221667783277e+00,1.055154898083787702e+04
5.400000000000000000e+02,6.099867121693932859e+00,1.055764879005954572e+04
5.410000000000000000e+02,6.101203350238392886e+00,1.056374865718124056e+04
5.420000000000000000e+02,6.099867119589362119e+00,1.056984986053147804e+04
5.430000000000000000e+02,6.099657553324504988e+00,1.057594972765106650e+04
5.440000000000000000e+02,6.101124696403530834e+00,1.058204938520439100e+04
5.450000000000000000e+02,6.099706089404207887e+00,1.058815050990079544e+04
5.460000000000000000e+02,6.099600694049513550e+00,1.059425021599019965e+04
5.470000000000000000e+02,6.100825626007463143e+00,1.060034981668424916e+04
5.480000000000000000e+02,6.099738188099763647e+00,1.060645064231025754e+04
5.490000000000000000e+02,6.099382670649902138e+00,1.061255038049835639e+04
5.500000000000000000e+02,6.100678795381099917e+00,1.061864976316900720e+04
5.510000000000000000e+02,6.099548179960038397e+00,1.062475044196438830e+04
5.520000000000000000e+02,6.099364559575406020e+00,1.063084999014434652e+04
5.530000000000000000e+02,6.100289436552884581e+00,1.063694935470392375e+04
5.540000000000000000e+02,6.099642516181120300e+00,1.064304964414047572e+04
5.550000000000000000e+02,6.099093627375623328e+00,1.064914928665665684e+04
5.560000000000000000e+02,6.100194162368097750e+00,1.065524838028403246e+04
5.570000000000000000e+02,6.099380685573123628e+00,1.066134857444640147e+04
5.580000000000000000e+02,6.099196339232548780e+00,1.066744795513197460e+04
5.590000000000000000e+02,6.099718306953946012e+00,1.067354715147120623e+04
5.600000000000000000e+02,6.099598240612976952e+00,1.067964686977816018e+04
5.610000000000000000e+02,6.098863732701829576e+00,1.068574646801877316e+04
5.620000000000000000e+02,6.099753084865369601e+00,1.069184533175147590e+04
5.630000000000000000e+02,6.099271702377336624e+00,1.069794508483634127e+04
5.640000000000000000e+02,6.099105283245989995e+00,1.070404435653871769e+04
5.650000000000000000e+02,6.099251795876625692e+00,1.071014346182196459e+04
5.660000000000000000e+02,6.099602268238413671e+00,1.071624271361784122e+04
5.670000000000000000e+02,6.098756539945497934e+00,1.072234231588607872e+04
5.680000000000000000e+02,6.099422978102666093e+00,1.072844107242602331e+04
5.690000000000000000e+02,6.099263353978130908e+00,1.073454049540412598e+04
5.700000000000000000e+02,6.099093864781025331e+00,1.074063975875810502e+04
5.710000000000000000e+02,6.098985117489974073e+00,1.074673885262288604e+04
5.720000000000000000e+02,6.099643873247259762e+00,1.075283783774037511e+04
5.730000000000000000e+02,6.098803294185927371e+00,1.075893748161362237e+04
5.740000000000000000e+02,6.099241499625350116e+00,1.076503628490780829e+04
5.750000000000000000e+02,6.099362768160972337e+00,1.077113552640743364e+04
5.760000000000000000e+02,6.099161672425907454e+00,1.077723488917559553e+04
5.770000000000000000e+02,6.098950984695875377e+00,1.078333405084802143e+04
5.780000000000000000e+02,6.099701764923338487e+00,1.078943300183271640e+04
5.790000000000000000e+02,6.099021842596812348e+00,1.079553270359764065e+04
5.800000000000000000e+02,6.099196581018986763e+00,1.080163172544023837e+04
5.810000000000000000e+02,6.099551176584100176e+00,1.080773092202125554e+04
5.820000000000000000e+02,6.099327551516580570e+00,1.081383047319784055e+04
5.830000000000000000e+02,6.099106176888199116e+00,1.081992980074935622e+04
5.840000000000000000e+02,6.099758842685332638e+00,1.082602890692624533e+04
5.850000000000000000e+02,6.099419277806191531e+00,1.083212866576893066e+04
5.860000000000000000e+02,6.099239249895617831e+00,1.083822808504673594e+04
5.870000000000000000e+02,6.099778753595273884e+00,1.084432732429663156e+04
5.880000000000000000e+02,6.099624506705367821e+00,1.085042710305022774e+04
5.890000000000000000e+02,6.099346644544311857e+00,1.085652672755693311e+04
5.900000000000000000e+02,6.099813033261852979e+00,1.086262607420147833e+04
5.910000000000000000e+02,6.099946593385539018e+00,1.086872588723473928e+04
5.920000000000000000e+02,6.099325462495471584e+00,1.087482583382812481e+04
5.930000000000000000e+02,6.099983409483684227e+00,1.088092515929062029e+04
5.940000000000000000e+02,6.100028140519498265e+00,1.088702514270010397e+04
5.950000000000000000e+02,6.099585871747876809e+00,1.089312517084062347e+04
5.960000000000000000e+02,6.099846603015976143e+00,1.089922475671237044e+04
5.970000000000000000e+02,6.100506968943591346e+00,1.090532460331538823e+04
5.980000000000000000e+02,6.099417568391800160e+00,1.091142511028433000e+04
5.990000000000000000e+02,6.100108943580380583e+00,1.091752452785272180e+04
6.000000000000000000e+02,6.100458124874421628e+00,1.092362463679630309e+04
6.010000000000000000e+02,6.099756968968904403e+00,1.092972509492117752e+04
6.020000000000000000e+02,6.099839555423386628e+00,1.093582485189014551e+04
6.030000000000000000e+02,6.100970533023428288e+00,1.094192469144556890e+04
6.040000000000000000e+02,6.099492557181292796e+00,1.094802566197859414e+04
6.050000000000000000e+02,6.100102079853968462e+00,1.095412515453577362e+04
6.060000000000000000e+02,6.100821846432154416e+00,1.096022525661562759e+04
6.070000000000000000e+02,6.099808569998458552e+00,1.096632607846206156e+04
6.080000000000000000e+02,6.099783887269950355e+00,1.097242588703205911e+04
6.090000000000000000e+02,6.101220347426533408e+00,1.097852567091932906e+04
6.100000000000000000e+02,6.099537361276816227e+00,1.098462689126675468e+04
6.110000000000000000e+02,6.099947841066750698e+00,1.099072642862803332e+04
6.120000000000000000e+02,6.101026844132320548e+00,1.099682637646910007e+04
6.130000000000000000e+02,6.099743926162773278e+00,1.100292740331323148e+04
6.140000000000000000e+02,6.099659342730774370e+00,1.100902714723939425e+04
6.150000000000000000e+02,6.101220493152140989e+00,1.101512680658212412e+04
6.160000000000000000e+02,6.099518948862169054e+00,1.102122802707527808e+04
6.170000000000000000e+02,6.099700905313511612e+00,1.102732754602413843e+04
6.180000000000000000e+02,6.100991639086714713e+00,1.103342724692945194e+04
6.190000000000000000e+02,6.099619947915925877e+00,1.103952823856853865e+04
6.200000000000000000e+02,6.099451641737687169e+00,1.104562785851645458e+04
6.210000000000000000e+02,6.100997573787935835e+00,1.105172731015819227e+04
6.220000000000000000e+02,6.099429803687598906e+00,1.105782830773198111e+04
6.230000000000000000e+02,6.099421009220350243e+00,1.106392773753566871e+04
6.240000000000000000e+02,6.100712362289414159e+00,1.107002715854488997e+04
6.250000000000000000e+02,6.099480243904508825e+00,1.107612787090717757e+04
6.260000000000000000e+02,6.099187472663288645e+00,1.108222735115108298e+04
6.270000000000000000e+02,6.100601639067463111e+00,1.108832653862374718e+04
6.280000000000000000e+02,6.099292220173992973e+00,1.109442714026281465e+04
6.290000000000000000e+02,6.099155630659879535e+00,1.110052643248298773e+04
6.300000000000000000e+02,6.100242978105598013e+00,1.110662558811364761e+04
6.310000000000000000e+02,6.099363074436041643e+00,1.111272583109175321e+04
6.320000000000000000e+02,6.098903257963684155e+00,1.111882519416618925e+04
6.330000000000000000e+02,6.100120489977598481e+00,1.112492409742415293e+04
6.340000000000000000e+02,6.099135930691772955e+00,1.113102421791413144e+04
6.350000000000000000e+02,6.098953077844271320e+00,1.113712335384482139e+04
6.360000000000000000e+02,6.099680786170210922e+00,1.114322230692266749e+04
6.370000000000000000e+02,6.099302429045565077e+00,1.114932198770883770e+04
6.380000000000000000e+02,6.098651330589746067e+00,1.115542129013788144e+04
6.390000000000000000e+02,6.099653360716729367e+00,1.116151994146847210e+04
6.400000000000000000e+02,6.099012909309749375e+00,1.116761959482918974e+04
6.410000000000000000e+02,6.098837048585664888e+00,1.117371860773849767e+04
6.420000000000000000e+02,6.099164209030277561e+00,1.117981744478708424e+04
6.430000000000000000e+02,6.099303047124521981e+00,1.118591660899611452e+04
6.440000000000000000e+02,6.098501316687361395e+00,1.119201591204323995e+04
6.450000000000000000e+02,6.099279340925022552e+00,1.119811441335992640e+04
6.460000000000000000e+02,6.098977880531492701e+00,1.120421369270085052e+04
6.470000000000000000e+02,6.098811643135377381e+00,1.121031267058138292e+04
6.480000000000000000e+02,6.098814921083430818e+00,1.121641148222451739e+04
6.490000000000000000e+02,6.099357223242805048e+00,1.122251029714560173e+04
6.500000000000000000e+02,6.098497604205476819e+00,1.122860965436884362e+04
6.510000000000000000e+02,6.099055312058226264e+00,1.123470815197304910e+04
6.520000000000000000e+02,6.099053106224346266e+00,1.124080720728510823e+04
6.530000000000000000e+02,6.098875766432684031e+00,1.124690626039133349e+04
6.540000000000000000e+02,6.098698259733282612e+00,1.125300513615776435e+04
6.550000000000000000e+02,6.099446409089068766e+00,1.125910383441749946e+04
6.560000000000000000e+02,6.098661556622573698e+00,1.126520328082658671e+04
6.570000000000000000e+02,6.098991901102635893e+00,1.127130194238321019e+04
6.580000000000000000e+02,6.099231067291839281e+00,1.127740093428431283e+04
6.590000000000000000e+02,6.099035102685775200e+00,1.128350016535160466e+04
6.600000000000000000e+02,6.098806934503954835e+00,1.128959920045428953e+04
6.610000000000000000e+02,6.099546131375063851e+00,1.129569800738879349e+04
6.620000000000000000e+02,6.099012467045213270e+00,1.130179755352016946e+04
6.630000000000000000e+02,6.099044475303344370e+00,1.130789656598721558e+04
6.640000000000000000e+02,6.099481020936764253e+00,1.131399561046251802e+04
6.650000000000000000e+02,6.099316276659010327e+00,1.132009509148345387e+04
6.660000000000000000e+02,6.099058378998961416e+00,1.132619440776011470e+04
6.670000000000000000e+02,6.099644200578040909e+00,1.133229346613911184e+04
6.680000000000000000e+02,6.099531895531981718e+00,1.133839311033968988e+04
6.690000000000000000e+02,6.099159222379057610e+00,1.134449264223522187e+04
6.700000000000000000e+02,6.099743615897750715e+00,1.135059180145760183e+04
6.710000000000000000e+02,6.099724865270218288e+00,1.135669154507349958e+04
6.720000000000000000e+02,6.099350670106105099e+00,1.136279126993877071e+04
6.730000000000000000e+02,6.099733048560665338e+00,1.136889062060887591e+04
6.740000000000000000e+02,6.100139038465385966e+00,1.137499035365743657e+04
6.750000000000000000e+02,6.099296025350668060e+00,1.138109049269590105e+04
6.760000000000000000e+02,6.099961484142113477e+00,1.138718978872125263e+04
6.770000000000000000e+02,6.100198280075346702e+00,1.139328975020539474e+04
6.780000000000000000e+02,6.099612614269972255e+00,1.139938994848547009e+04
6.790000000000000000e+02,6.099790545731593738e+00,1.140548956109974097e+04
6.800000000000000000e+02,6.100717126152630954e+00,1.141158935164547074e+04
6.810000000000000000e+02,6.099423239277712128e+00,1.141769006877162428e+04
6.820000000000000000e+02,6.100079711886792211e+00,1.142378949201090290e+04
6.830000000000000000e+02,6.100643395088809484e+00,1.142988957172278970e+04
6.840000000000000000e+02,6.099783264249708736e+00,1.143599021511787760e+04
6.850000000000000000e+02,6.099801252189536171e+00,1.144208999838212731e+04
6.860000000000000000e+02,6.101135089766103192e+00,1.144818979963431775e+04
6.870000000000000000e+02,6.099525525832177664e+00,1.145429093472408204e+04
6.880000000000000000e+02,6.100054644442025165e+00,1.146039046024991512e+04
6.890000000000000000e+02,6.100973896191135282e+00,1.146649051489435806e+04
6.900000000000000000e+02,6.099826163997022377e+00,1.147259148879054919e+04
6.910000000000000000e+02,6.099760009214151069e+00,1.147869131495454531e+04
6.920000000000000000e+02,6.101304181534032978e+00,1.148479107496375946e+04
6.930000000000000000e+02,6.099587951001012698e+00,1.149089237914529440e+04
6.940000000000000000e+02,6.099895365835436678e+00,1.149699196709629541e+04
6.950000000000000000e+02,6.101107614140346413e+00,1.150309186246212994e+04
6.960000000000000000e+02,6.099767690959197353e+00,1.150919297007627029e+04
6.970000000000000000e+02,6.099644691668800078e+00,1.151529273776722948e+04
6.980000000000000000e+02,6.101225516505110136e+00,1.152139238245889828e+04
6.990000000000000000e+02,6.099581002478771552e+00,1.152749360797540430e+04
7.000000000000000000e+02,6.099664556985771924e+00,1.153359318897788216e+04
7.010000000000000000e+02,6.100995845506076876e+00,1.153969285353486703e+04
7.020000000000000000e+02,6.099663698234508047e+00,1.154579384938037401e+04
7.030000000000000000e+02,6.099454466362658422e+00,1.155189351307860852e+04
7.040000000000000000e+02,6.100943964180260082e+00,1.155799296754497118e+04
7.050000000000000000e+02,6.099508147381129675e+00,1.156409391150915144e+04
7.060000000000000000e+02,6.099417323089255660e+00,1.157019341965653257e+04
7.070000000000000000e+02,6.100662227388056635e+00,1.157629283697962092e+04
7.080000000000000000e+02,6.099555482202958956e+00,1.158239349920700988e+04
7.090000000000000000e+02,6.099216518240609730e+00,1.158849305468921375e+04
7.100000000000000000e+02,6.100528264998501982e+00,1.159459227120745345e+04
7.110000000000000000e+02,6.099390304880216718e+00,1.160069279947245195e+04
7.120000000000000000e+02,6.099202006267660181e+00,1.160679218977733217e+04
7.130000000000000000e+02,6.099564789999999626e+00,1.161289139178359983e+04
