Epoch,Modified period,Transit peak
0.000000000000000000e+00,4.049644742774034967e+00,7.261132767063172651e+03
1.000000000000000000e+00,4.049685990857142315e+00,7.265182411805946685e+03
2.000000000000000000e+00,4.049732581778243912e+00,7.269232097796803828e+03
3.000000000000000000e+00,4.049639375376500539e+00,7.273281830378582526e+03
4.000000000000000000e+00,4.049838777739751094e+00,7.277331469753959027e+03
5.000000000000000000e+00,4.049608162412368983e+00,7.281381308531697869e+03
6.000000000000000000e+00,4.049560814467440650e+00,7.285430916694111147e+03
7.000000000000000000e+00,4.049790750296779152e+00,7.289480477508577678e+03
8.000000000000000000e+00,4.049589223624934675e+00,7.293530268258875367e+03
9.000000000000000000e+00,4.049612065673954930e+00,7.297579857482500302e+03
1.000000000000000000e+01,4.049922026441890921e+00,7.301629469548173802e+03
1.100000000000000000e+01,4.049723050363354560e+00,7.305679391574615693e+03
1.200000000000000000e+01,4.049554756017187174e+00,7.309729114624979047e+03
1.300000000000000000e+01,4.050011621328849287e+00,7.313778669380995780e+03
1.400000000000000000e+01,4.049544480208624009e+00,7.317828681002325538e+03
1.500000000000000000e+01,4.049473370036139386e+00,7.321878225482533708e+03
1.600000000000000000e+01,4.050010319371722289e+00,7.325927698852569847e+03
1.700000000000000000e+01,4.049540065047040116e+00,7.329977709171941569e+03
1.800000000000000000e+01,4.049593395636748028e+00,7.334027249236988609e+03
1.900000000000000000e+01,4.050111591765016783e+00,7.338076842632624903e+03
2.000000000000000000e+01,4.049621544133970019e+00,7.342126954224389920e+03
2.100000000000000000e+01,4.049488597927393130e+00,7.346176575768524344e+03
2.200000000000000000e+01,4.050128827980643109e+00,7.350226064366452192e+03
2.300000000000000000e+01,4.049425722089381452e+00,7.354276193194432381e+03
2.400000000000000000e+01,4.049436929048624734e+00,7.358325618916522217e+03
2.500000000000000000e+01,4.050178958803826390e+00,7.362375055845570387e+03
2.600000000000000000e+01,4.049439207190062007e+00,7.366425234804373758e+03
2.700000000000000000e+01,4.049598565736687306e+00,7.370474674011564275e+03
2.800000000000000000e+01,4.050211015207878518e+00,7.374524272577300508e+03
2.900000000000000000e+01,4.049464868098311854e+00,7.378574483592508841e+03
3.000000000000000000e+01,4.049459933461093897e+00,7.382623948460606698e+03
3.100000000000000000e+01,4.050160636249984236e+00,7.386673408394068247e+03
3.200000000000000000e+01,4.049303162704291026e+00,7.390723569030318686e+03
3.300000000000000000e+01,4.049456106245543197e+00,7.394772872193022522e+03
3.400000000000000000e+01,4.050250560761469387e+00,7.398822328299267610e+03
3.500000000000000000e+01,4.049331957403865090e+00,7.402872578860029535e+03
3.600000000000000000e+01,4.049624111029061169e+00,7.406921910817432945e+03
3.700000000000000000e+01,4.050192271075502504e+00,7.410971534928462461e+03
3.800000000000000000e+01,4.049311686694181844e+00,7.415021727199537963e+03
3.900000000000000000e+01,4.049470991104499262e+00,7.419071038886231690e+03
4.000000000000000000e+01,4.050098107765279565e+00,7.423120509877337099e+03
4.100000000000000000e+01,4.049228795209273812e+00,7.427170607985101924e+03
4.200000000000000000e+01,4.049514699788687722e+00,7.431219836780311198e+03
4.300000000000000000e+01,4.050207932492412510e+00,7.435269351480099431e+03
4.400000000000000000e+01,4.049259766292834684e+00,7.439319559412591843e+03
4.500000000000000000e+01,4.049654545813609730e+00,7.443368819178885133e+03
4.600000000000000000e+01,4.050061921602264192e+00,7.447418473724698742e+03
4.700000000000000000e+01,4.049211609903068165e+00,7.451468535646301461e+03
4.800000000000000000e+01,4.049510333587022615e+00,7.455517747256204530e+03
4.900000000000000000e+01,4.049956883246977668e+00,7.459567257589791552e+03
5.000000000000000000e+01,4.049230409558731481e+00,7.463617214473038075e+03
5.100000000000000000e+01,4.049584838312512147e+00,7.467666444882596807e+03
5.200000000000000000e+01,4.050065188022017537e+00,7.471716029720909319e+03
5.300000000000000000e+01,4.049246132994085201e+00,7.475766094908931336e+03
5.400000000000000000e+01,4.049666910969790479e+00,7.479815341041925421e+03
5.500000000000000000e+01,4.049859067805300583e+00,7.483865007952895212e+03
5.600000000000000000e+01,4.049192791122550261e+00,7.487914867020700513e+03
5.700000000000000000e+01,4.049551498693290341e+00,7.491964059811823063e+03
5.800000000000000000e+01,4.049781444945438125e+00,7.496013611310516353e+03
5.900000000000000000e+01,4.049309812193314428e+00,7.500063392755461791e+03
6.000000000000000000e+01,4.049619681657077308e+00,7.504112702567655106e+03
6.100000000000000000e+01,4.049881346789788950e+00,7.508162322249312638e+03
6.200000000000000000e+01,4.049298911381811195e+00,7.512212203596101972e+03
6.300000000000000000e+01,4.049621103937624866e+00,7.516261502507483783e+03
6.400000000000000000e+01,4.049662129494208784e+00,7.520311123611421863e+03
6.500000000000000000e+01,4.049268010151990893e+00,7.524360785740915162e+03
6.600000000000000000e+01,4.049550257765076822e+00,7.528410053751067608e+03
6.700000000000000000e+01,4.049637475699000788e+00,7.532459604008832684e+03
6.800000000000000000e+01,4.049458704756943916e+00,7.536509241484531231e+03
6.900000000000000000e+01,4.049581641105305607e+00,7.540558700189289084e+03
7.000000000000000000e+01,4.049719240451850055e+00,7.544608281830393935e+03
7.100000000000000000e+01,4.049416084995300480e+00,7.548658001070845785e+03
7.200000000000000000e+01,4.049512332447193330e+00,7.552707417155841540e+03
7.300000000000000000e+01,4.049527120784659928e+00,7.556756929488288733e+03
7.400000000000000000e+01,4.049426156921981601e+00,7.560806456609072484e+03
7.500000000000000000e+01,4.049504598663133947e+00,7.564855882765994465e+03
7.600000000000000000e+01,4.049555231201793504e+00,7.568905387364658054e+03
7.700000000000000000e+01,4.049648724066628347e+00,7.572954942595859393e+03
7.800000000000000000e+01,4.049487360200600961e+00,7.577004591319926476e+03
7.900000000000000000e+01,4.049609125508595753e+00,7.581054078680126622e+03
8.000000000000000000e+01,4.049572116209674277e+00,7.585103687805635673e+03
8.100000000000000000e+01,4.049382778021936247e+00,7.589153259921845347e+03
8.200000000000000000e+01,4.049479792756301322e+00,7.593202642699867283e+03
8.300000000000000000e+01,4.049623548071849655e+00,7.597252122492624039e+03
8.400000000000000000e+01,4.049449457852460910e+00,7.601301746040695434e+03
8.500000000000000000e+01,4.049539958793957339e+00,7.605351195498547895e+03
8.600000000000000000e+01,4.049830724859020847e+00,7.609400735457342307e+03
8.700000000000000000e+01,4.049391855877274793e+00,7.613450566182200419e+03
8.800000000000000000e+01,4.049558877724848571e+00,7.617499958038078148e+03
8.900000000000000000e+01,4.049721928874078003e+00,7.621549516915802997e+03
9.000000000000000000e+01,4.049302353628718265e+00,7.625599238844677529e+03
9.100000000000000000e+01,4.049513799462602037e+00,7.629648541198305793e+03
9.200000000000000000e+01,4.049798439950791362e+00,7.633698054997768850e+03
9.300000000000000000e+01,4.049440383168985136e+00,7.637747853437718732e+03
9.400000000000000000e+01,4.049574207832847605e+00,7.641797293820887717e+03
9.500000000000000000e+01,4.049948378207318456e+00,7.645846868028720564e+03
9.600000000000000000e+01,4.049357929356119712e+00,7.649896816406928338e+03
9.700000000000000000e+01,4.049561057498522132e+00,7.653946174336284457e+03
9.800000000000000000e+01,4.049819440766441403e+00,7.657995735393782525e+03
9.900000000000000000e+01,4.049322253445552633e+00,7.662045554834548966e+03
1.000000000000000000e+02,4.049605167507706938e+00,7.666094877087994973e+03
1.010000000000000000e+02,4.049897298836185655e+00,7.670144482255502226e+03
1.020000000000000000e+02,4.049508475504353555e+00,7.674194379554339321e+03
1.030000000000000000e+02,4.049635306437721738e+00,7.678243888029843220e+03
1.040000000000000000e+02,4.049966141202730796e+00,7.682293523336280487e+03
1.050000000000000000e+02,4.049415128316923074e+00,7.686343489477483672e+03
1.060000000000000000e+02,4.049602387254253699e+00,7.690392904605800140e+03
1.070000000000000000e+02,4.049843846987187135e+00,7.694442506993054849e+03
1.080000000000000000e+02,4.049447829835116863e+00,7.698492350840042491e+03
1.090000000000000000e+02,4.049721227866939444e+00,7.702541798669877608e+03
1.100000000000000000e+02,4.049896698513748561e+00,7.706591519897743638e+03
1.110000000000000000e+02,4.049648146441995777e+00,7.710641416596257841e+03
1.120000000000000000e+02,4.049699010467520566e+00,7.714691064742699382e+03
1.130000000000000000e+02,4.049882170908404078e+00,7.718740763753166902e+03
1.140000000000000000e+02,4.049556343167296291e+00,7.722790645924075761e+03
1.150000000000000000e+02,4.049660379846045544e+00,7.726840202267243512e+03
1.160000000000000000e+02,4.049801660648427060e+00,7.730889862647089103e+03
1.170000000000000000e+02,4.049648342251657596e+00,7.734939664307737985e+03
1.180000000000000000e+02,4.049813989832728112e+00,7.738989312649989188e+03
1.190000000000000000e+02,4.049815378512448660e+00,7.743039126639821916e+03
1.200000000000000000e+02,4.049826961610961007e+00,7.747088942018333910e+03
1.210000000000000000e+02,4.049718848495103884e+00,7.751138768979944871e+03
1.220000000000000000e+02,4.049745259678729781e+00,7.755188487828439975e+03
1.230000000000000000e+02,4.049752512491522793e+00,7.759238233088119159e+03
1.240000000000000000e+02,4.049679291174925311e+00,7.763287985600611137e+03
1.250000000000000000e+02,4.049738255681404553e+00,7.767337664891785607e+03
1.260000000000000000e+02,4.049879404258717841e+00,7.771387403147467012e+03
1.270000000000000000e+02,4.049822033752207062e+00,7.775437282551725730e+03
1.280000000000000000e+02,4.049704846487202303e+00,7.779487104585477937e+03
1.290000000000000000e+02,4.050009070367650565e+00,7.783536809431965594e+03
1.300000000000000000e+02,4.049658266059395828e+00,7.787586818502332790e+03
1.310000000000000000e+02,4.049611212483341660e+00,7.791636476768391731e+03
1.320000000000000000e+02,4.049971886709954561e+00,7.795686087980875527e+03
1.330000000000000000e+02,4.049628533248323947e+00,7.799736059867585936e+03
1.340000000000000000e+02,4.049681429653446685e+00,7.803785688400834260e+03
1.350000000000000000e+02,4.050095408094875893e+00,7.807835369830487252e+03
1.360000000000000000e+02,4.049732234750081261e+00,7.811885465238581673e+03
1.370000000000000000e+02,4.049598187751598743e+00,7.815935197473332664e+03
1.380000000000000000e+02,4.050156546332345897e+00,7.819984795661083808e+03
1.390000000000000000e+02,4.049527787437909865e+00,7.824034952207415699e+03
1.400000000000000000e+02,4.049515685320329794e+00,7.828084479994853609e+03
1.410000000000000000e+02,4.050167747677733132e+00,7.832133995680174849e+03
1.420000000000000000e+02,4.049515835376496398e+00,7.836184163427851672e+03
1.430000000000000000e+02,4.049646780822058645e+00,7.840233679263228623e+03
1.440000000000000000e+02,4.050244190499597607e+00,7.844283326044051137e+03
1.450000000000000000e+02,4.049567469734483893e+00,7.848333570234550280e+03
1.460000000000000000e+02,4.049521494649525266e+00,7.852383137704284309e+03
1.470000000000000000e+02,4.050229724432938383e+00,7.856432659198933834e+03
1.480000000000000000e+02,4.049367132064162433e+00,7.860482888923366772e+03
1.490000000000000000e+02,4.049477429687613039e+00,7.864532256055431390e+03
1.500000000000000000e+02,4.050285103237001749e+00,7.868581733485119003e+03
1.510000000000000000e+02,4.049377653444935277e+00,7.872632018588356004e+03
1.520000000000000000e+02,4.049638452553153911e+00,7.876681396241800940e+03
1.530000000000000000e+02,4.050278799492389226e+00,7.880731034694354094e+03
1.540000000000000000e+02,4.049381045442260074e+00,7.884781313493846028e+03
1.550000000000000000e+02,4.049485942908631841e+00,7.888830694539288743e+03
1.560000000000000000e+02,4.050199055689063243e+00,7.892880180482197829e+03
1.570000000000000000e+02,4.049235873513225670e+00,7.896930379537886438e+03
1.580000000000000000e+02,4.049491036765175522e+00,7.900979615411399209e+03
1.590000000000000000e+02,4.050284229181215778e+00,7.905029106448164384e+03
1.600000000000000000e+02,4.049262320356774580e+00,7.909079390677346055e+03
1.610000000000000000e+02,4.049646181655589317e+00,7.913128652997702375e+03
1.620000000000000000e+02,4.050183474437289988e+00,7.917178299179358874e+03
1.630000000000000000e+02,4.049229099256081099e+00,7.921228482653796164e+03
1.640000000000000000e+02,4.049485773676678946e+00,7.925277711753051335e+03
1.650000000000000000e+02,4.050067382319866738e+00,7.929327197526728924e+03
1.660000000000000000e+02,4.049176194176197896e+00,7.933377264909047881e+03
1.670000000000000000e+02,4.049533298916230706e+00,7.937426441103224533e+03
1.680000000000000000e+02,4.050162728410214186e+00,7.941475974402141219e+03
1.690000000000000000e+02,4.049202689749563433e+00,7.945526137130551433e+03
1.700000000000000000e+02,4.049648893032554042e+00,7.949575339820300542e+03
1.710000000000000000e+02,4.049980530680386437e+00,7.953624988713332641e+03
1.720000000000000000e+02,4.049150303795158834e+00,7.957674969244013482e+03
1.730000000000000000e+02,4.049501761395276844e+00,7.961724119547809096e+03
1.740000000000000000e+02,4.049866992458646564e+00,7.965773621309203918e+03
1.750000000000000000e+02,4.049201192031432583e+00,7.969823488301663019e+03
1.760000000000000000e+02,4.049566220617180079e+00,7.973872689493693542e+03
1.770000000000000000e+02,4.049961176065608015e+00,7.977922255714311177e+03
1.780000000000000000e+02,4.049209663370220369e+00,7.981972216890377240e+03
1.790000000000000000e+02,4.049611040762556513e+00,7.986021426553747006e+03
1.800000000000000000e+02,4.049738666459234082e+00,7.990071037594509107e+03
1.810000000000000000e+02,4.049161280027419707e+00,7.994120776260968341e+03
1.820000000000000000e+02,4.049493198981963360e+00,7.998169937540996216e+03
1.830000000000000000e+02,4.049668203370856645e+00,8.002219430739978634e+03
1.840000000000000000e+02,4.049304738574846851e+00,8.006269098943348581e+03
1.850000000000000000e+02,4.049538875712642039e+00,8.010318403681923883e+03
1.860000000000000000e+02,4.049755887680930755e+00,8.014367942557636525e+03
1.870000000000000000e+02,4.049284906948287244e+00,8.018417698445317001e+03
1.880000000000000000e+02,4.049504278048971173e+00,8.022466983352265743e+03
1.890000000000000000e+02,4.049536075911873922e+00,8.026516487630315169e+03
1.900000000000000000e+02,4.049264807898907748e+00,8.030566023706226588e+03
1.910000000000000000e+02,4.049439156054177147e+00,8.034615288514125496e+03
1.920000000000000000e+02,4.049523368435075099e+00,8.038664727670179673e+03
1.930000000000000000e+02,4.049468413932572730e+00,8.042714251038614748e+03
1.940000000000000000e+02,4.049446089672073867e+00,8.046763719452546866e+03
1.950000000000000000e+02,4.049592551280511543e+00,8.050813165542219394e+03
1.960000000000000000e+02,4.049414030763273331e+00,8.054862758093499906e+03
1.970000000000000000e+02,4.049353413236531196e+00,8.058912172124262725e+03
1.980000000000000000e+02,4.049413964842187852e+00,8.062961525537499256e+03
1.990000000000000000e+02,4.049434087000008731e+00,8.067010939502341898e+03
2.000000000000000000e+02,4.049359786748027545e+00,8.071060373589341907e+03
2.010000000000000000e+02,4.049452953737727512e+00,8.075109733376089935e+03
2.020000000000000000e+02,4.049652070676529547e+00,8.079159186329827207e+03
2.030000000000000000e+02,4.049323931928483944e+00,8.083208838400503737e+03
2.040000000000000000e+02,4.049494260338178719e+00,8.087258162332433130e+03
2.050000000000000000e+02,4.049560510905848787e+00,8.091307656592771309e+03
2.060000000000000000e+02,4.049216822624657652e+00,8.095357217103676703e+03
2.070000000000000000e+02,4.049387316933461989e+00,8.099406433926301361e+03
2.080000000000000000e+02,4.049615119145528297e+00,8.103455821243234823e+03
2.090000000000000000e+02,4.049304898978789424e+00,8.107505436362380351e+03
2.100000000000000000e+02,4.049450137488292967e+00,8.111554741261359595e+03
2.110000000000000000e+02,4.049800721502379020e+00,8.115604191398847433e+03
2.120000000000000000e+02,4.049238548821904260e+00,8.119653992120349358e+03
2.130000000000000000e+02,4.049457105224064435e+00,8.123703230669171717e+03
2.140000000000000000e+02,4.049676005546643864e+00,8.127752687774395781e+03
2.150000000000000000e+02,4.049165262691076350e+00,8.131802363779942425e+03
2.160000000000000000e+02,4.049438027045653143e+00,8.135851529042633047e+03
2.170000000000000000e+02,4.049746569507533422e+00,8.139900967069679609e+03
2.180000000000000000e+02,4.049324047849950148e+00,8.143950713639186688e+03
2.190000000000000000e+02,4.049490955416786164e+00,8.148000037687036638e+03
2.200000000000000000e+02,4.049863742988691229e+00,8.152049528642453879e+03
2.210000000000000000e+02,4.049240111789913499e+00,8.156099392385442115e+03
2.220000000000000000e+02,4.049468053098735254e+00,8.160148632497232029e+03
2.230000000000000000e+02,4.049724766803592502e+00,8.164198100550331219e+03
2.240000000000000000e+02,4.049229985251713515e+00,8.168247825317133902e+03
2.250000000000000000e+02,4.049535228442891821e+00,8.172297055302386070e+03
2.260000000000000000e+02,4.049788925392476813e+00,8.176346590530829417e+03
2.270000000000000000e+02,4.049428765026732435e+00,8.180396379456221439e+03
2.280000000000000000e+02,4.049548698955277359e+00,8.184445808221247717e+03
2.290000000000000000e+02,4.049822073652649124e+00,8.188495356920203449e+03
2.300000000000000000e+02,4.049337813551574072e+00,8.192545178993856098e+03
2.310000000000000000e+02,4.049509600002238585e+00,8.196594516807406762e+03
2.320000000000000000e+02,4.049701118280609080e+00,8.200644026407409910e+03
2.330000000000000000e+02,4.049395039095543325e+00,8.204693727525689610e+03
2.340000000000000000e+02,4.049640406763501232e+00,8.208743122564785153e+03
2.350000000000000000e+02,4.049737184055629768e+00,8.212792762971548655e+03
2.360000000000000000e+02,4.049595099982070678e+00,8.216842500155606103e+03
2.370000000000000000e+02,4.049590085698582698e+00,8.220892095255587265e+03
2.380000000000000000e+02,4.049697663597726205e+00,8.224941685341285847e+03
2.390000000000000000e+02,4.049508028203490539e+00,8.228991383004882664e+03
2.400000000000000000e+02,4.049543358635673940e+00,8.233040891033087973e+03
2.410000000000000000e+02,4.049636261333944276e+00,8.237090434391722738e+03
2.420000000000000000e+02,4.049616025694376731e+00,8.241140070653056682e+03
2.430000000000000000e+02,4.049691908596287249e+00,8.245189686678750149e+03
2.440000000000000000e+02,4.049634936712209310e+00,8.249239378587346437e+03
2.450000000000000000e+02,4.049781512498157099e+00,8.253289013524059555e+03
2.460000000000000000e+02,4.049565574599000684e+00,8.257338795036557713e+03
2.470000000000000000e+02,4.049552557204151526e+00,8.261388360611155804e+03
2.480000000000000000e+02,4.049716164565325016e+00,8.265437913168359955e+03
2.490000000000000000e+02,4.049522400194291549e+00,8.269487629332925280e+03
2.500000000000000000e+02,4.049570993220186210e+00,8.273537151733120481e+03
2.510000000000000000e+02,4.049845575013932830e+00,8.277586722726340668e+03
2.520000000000000000e+02,4.049651622656710970e+00,8.281636568301353691e+03
2.530000000000000000e+02,4.049520863074576482e+00,8.285686219924011311e+03
2.540000000000000000e+02,4.049950767926020490e+00,8.289735740787085888e+03
2.550000000000000000e+02,4.049465975468592660e+00,8.293785691555010999e+03
2.560000000000000000e+02,4.049427044830736122e+00,8.297835157530480501e+03
2.570000000000000000e+02,4.049925636250009120e+00,8.301884584575311237e+03
2.580000000000000000e+02,4.049438915524660842e+00,8.305934510211562156e+03
2.590000000000000000e+02,4.049520847928761214e+00,8.309983949127086817e+03
2.600000000000000000e+02,4.050034364530802122e+00,8.314033469975014668e+03
2.610000000000000000e+02,4.049525175870257954e+00,8.318083504339545470e+03
2.620000000000000000e+02,4.049421795066336927e+00,8.322133029515414819e+03
2.630000000000000000e+02,4.050064108021615539e+00,8.326182451310482065e+03
2.640000000000000000e+02,4.049314983350996044e+00,8.330232515418503681e+03
2.650000000000000000e+02,4.049350044291713857e+00,8.334281830401854677e+03
2.660000000000000000e+02,4.050087529931261088e+00,8.338331180446146391e+03
2.670000000000000000e+02,4.049310605051687162e+00,8.342381267976077652e+03
2.680000000000000000e+02,4.049495607403514441e+00,8.346430578581130248e+03
2.690000000000000000e+02,4.050133403140534938e+00,8.350480074188533763e+03
2.700000000000000000e+02,4.049345332896336913e+00,8.354530207591673388e+03
2.710000000000000000e+02,4.049357875446730759e+00,8.358579552924569725e+03
2.720000000000000000e+02,4.050087402553799620e+00,8.362628910800016456e+03
2.730000000000000000e+02,4.049160064533680270e+00,8.366678998202569346e+03
2.740000000000000000e+02,4.049330715740325104e+00,8.370728158267103936e+03
2.750000000000000000e+02,4.050151747473137220e+00,8.374777488982843352e+03
2.760000000000000000e+02,4.049178724646480987e+00,8.378827640730316489e+03
2.770000000000000000e+02,4.049492946577629482e+00,8.382876819454962970e+03
2.780000000000000000e+02,4.050107062619645149e+00,8.386926312401541509e+03
2.790000000000000000e+02,4.049167486441547226e+00,8.390976419464161154e+03
2.800000000000000000e+02,4.049333882388964412e+00,8.395025586950603611e+03
2.810000000000000000e+02,4.050005579120806942e+00,8.399074920832990756e+03
2.820000000000000000e+02,4.049054558324314712e+00,8.403124926412112472e+03
2.830000000000000000e+02,4.049355976377228217e+00,8.407173980970437697e+03
2.840000000000000000e+02,4.050094674735191802e+00,8.411223336946814015e+03
2.850000000000000000e+02,4.049083382373282802e+00,8.415273431621550117e+03
2.860000000000000000e+02,4.049498193337967678e+00,8.419322515003921581e+03
2.870000000000000000e+02,4.049957409099988581e+00,8.423372013197260458e+03
2.880000000000000000e+02,4.049039853448448412e+00,8.427421970606359537e+03
2.890000000000000000e+02,4.049339644279825734e+00,8.431471010459808895e+03
2.900000000000000000e+02,4.049835442096082261e+00,8.435520350104088720e+03
2.910000000000000000e+02,4.049027892104277271e+00,8.439570185546184803e+03
2.920000000000000000e+02,4.049397634528759227e+00,8.443619213438289080e+03
2.930000000000000000e+02,4.049929810155845189e+00,8.447668611072818749e+03
2.940000000000000000e+02,4.049047520019485091e+00,8.451718540882973684e+03
2.950000000000000000e+02,4.049486479900224367e+00,8.455767588402992260e+03
2.960000000000000000e+02,4.049724584526302351e+00,8.459817074882892484e+03
2.970000000000000000e+02,4.048991424496307445e+00,8.463866799467419696e+03
2.980000000000000000e+02,4.049349696086210315e+00,8.467915790891915094e+03
2.990000000000000000e+02,4.049624902302639384e+00,8.471965140588003123e+03
3.000000000000000000e+02,4.049081428060162580e+00,8.476014765490304853e+03
3.010000000000000000e+02,4.049410616617933556e+00,8.480063846918365016e+03
3.020000000000000000e+02,4.049716665516825742e+00,8.484113257534983859e+03
3.030000000000000000e+02,4.049075226749664580e+00,8.488162974200498866e+03
3.040000000000000000e+02,4.049420783063396811e+00,8.492212049427249440e+03
3.050000000000000000e+02,4.049489895422993868e+00,8.496261470210312837e+03
3.060000000000000000e+02,4.049032938339223620e+00,8.500310960105736740e+03
3.070000000000000000e+02,4.049325757356200484e+00,8.504359993044075964e+03
3.080000000000000000e+02,4.049443958135270805e+00,8.508409318801430345e+03
3.090000000000000000e+02,4.049203897487132053e+00,8.512458762759566525e+03
3.100000000000000000e+02,4.049358025633409852e+00,8.516507966657052748e+03
3.110000000000000000e+02,4.049522660145157715e+00,8.520557324682686158e+03
3.120000000000000000e+02,4.049164102904796891e+00,8.524606847342831315e+03
3.130000000000000000e+02,4.049295066824925016e+00,8.528656011445737022e+03
3.140000000000000000e+02,4.049315230713546043e+00,8.532705306512561947e+03
3.150000000000000000e+02,4.049158215970237507e+00,8.536754621743275493e+03
3.160000000000000000e+02,4.049264990018855315e+00,8.540803779959245730e+03
3.170000000000000000e+02,4.049326582622597925e+00,8.544853044949264586e+03
3.180000000000000000e+02,4.049370283227290201e+00,8.548902371531887184e+03
3.190000000000000000e+02,4.049252873549448850e+00,8.552951741815115383e+03
3.200000000000000000e+02,4.049379781220523000e+00,8.557000994688663923e+03
3.210000000000000000e+02,4.049294339110929286e+00,8.561050374469883536e+03
3.220000000000000000e+02,4.049147907254337042e+00,8.565099668808994466e+03
3.230000000000000000e+02,4.049229675541027973e+00,8.569148816716249712e+03
3.240000000000000000e+02,4.049331440834066598e+00,8.573198046391789831e+03
3.250000000000000000e+02,4.049195373217116867e+00,8.577247377832623897e+03
3.260000000000000000e+02,4.049280877963610692e+00,8.581296573205841923e+03
3.270000000000000000e+02,4.049537374122337496e+00,8.585345854083805534e+03
3.280000000000000000e+02,4.049140534089019638e+00,8.589395391457928781e+03
3.290000000000000000e+02,4.049300002859126835e+00,8.593444531992015982e+03
3.300000000000000000e+02,4.049428092526795808e+00,8.597493831994876018e+03
3.310000000000000000e+02,4.049042137074138736e+00,8.601543260087402814e+03
3.320000000000000000e+02,4.049232703523557575e+00,8.605592302224476953e+03
3.330000000000000000e+02,4.049496819334308384e+00,8.609641534927999601e+03
3.340000000000000000e+02,4.049165799306138069e+00,8.613691031747333909e+03
3.350000000000000000e+02,4.049290156806819141e+00,8.617740197546641866e+03
3.360000000000000000e+02,4.049653018302706187e+00,8.621789487703448685e+03
3.370000000000000000e+02,4.049081616813055007e+00,8.625839140721749573e+03
3.380000000000000000e+02,4.049275622171990108e+00,8.629888222338562628e+03
3.390000000000000000e+02,4.049521906147674599e+00,8.633937497960734618e+03
3.400000000000000000e+02,4.049031856779947702e+00,8.637987019866883202e+03
3.410000000000000000e+02,4.049300995158773731e+00,8.642036051723662240e+03
3.420000000000000000e+02,4.049598895026065293e+00,8.646085352718822833e+03
3.430000000000000000e+02,4.049208609914785484e+00,8.650134951613847079e+03
3.440000000000000000e+02,4.049332228351886442e+00,8.654184160223761864e+03
3.450000000000000000e+02,4.049676685319354874e+00,8.658233492452114660e+03
3.460000000000000000e+02,4.049108939180769084e+00,8.662283169137434015e+03
3.470000000000000000e+02,4.049295657815491722e+00,8.666332278076613875e+03
3.480000000000000000e+02,4.049550287819329242e+00,8.670381573734430276e+03
3.490000000000000000e+02,4.049126671382509812e+00,8.674431124022248696e+03
3.500000000000000000e+02,4.049401942564145429e+00,8.678480250693632115e+03
3.510000000000000000e+02,4.049608378986704338e+00,8.682529652636196261e+03
3.520000000000000000e+02,4.049321065235744754e+00,8.686579261015183874e+03
3.530000000000000000e+02,4.049382591252651764e+00,8.690628582080418710e+03
3.540000000000000000e+02,4.049601222400269762e+00,8.694677964671671361e+03
3.550000000000000000e+02,4.049219869631997426e+00,8.698727565894070722e+03
3.560000000000000000e+02,4.049341784324496984e+00,8.702776785763704538e+03
3.570000000000000000e+02,4.049513260470121168e+00,8.706826127548029035e+03
3.580000000000000000e+02,4.049299351087029208e+00,8.710875640808499156e+03
3.590000000000000000e+02,4.049494597295051790e+00,8.714924940159584366e+03
3.600000000000000000e+02,4.049530517718267220e+00,8.718974434756881237e+03
3.610000000000000000e+02,4.049473620958451647e+00,8.723023965274598595e+03
3.620000000000000000e+02,4.049406898578126857e+00,8.727073438895557047e+03
3.630000000000000000e+02,4.049460579204605892e+00,8.731122845794136083e+03
3.640000000000000000e+02,4.049387271440537006e+00,8.735172306373340689e+03
3.650000000000000000e+02,4.049370295817425358e+00,8.739221693644780316e+03
3.660000000000000000e+02,4.049444888838479528e+00,8.743271063940597742e+03
3.670000000000000000e+02,4.049503684112096380e+00,8.747320508829436221e+03
3.680000000000000000e+02,4.049520284269419790e+00,8.751370012513547408e+03
3.690000000000000000e+02,4.049412651183956768e+00,8.755419532797817737e+03
3.700000000000000000e+02,4.049627734229034104e+00,8.759468945449001694e+03
3.710000000000000000e+02,4.049364545043317776e+00,8.763518573183231638e+03
3.720000000000000000e+02,4.049314298370518372e+00,8.767567937728274046e+03
3.730000000000000000e+02,4.049578999090954312e+00,8.771617252026644564e+03
3.740000000000000000e+02,4.049341063788233441e+00,8.775666831025735519e+03
3.750000000000000000e+02,4.049376141720131272e+00,8.779716172089523752e+03
3.760000000000000000e+02,4.049696130825395812e+00,8.783765548231243883e+03
3.770000000000000000e+02,4.049454132539722195e+00,8.787815244362069279e+03
3.780000000000000000e+02,4.049288717949821148e+00,8.791864698494609911e+03
3.790000000000000000e+02,4.049752905912100687e+00,8.795913987212559732e+03
3.800000000000000000e+02,4.049256477333074145e+00,8.799963740118470014e+03
3.810000000000000000e+02,4.049197266768715053e+00,8.804012996595803997e+03
3.820000000000000000e+02,4.049758319945794938e+00,8.808062193862573622e+03
3.830000000000000000e+02,4.049251745551373460e+00,8.812111952182518507e+03
3.840000000000000000e+02,4.049319783553983143e+00,8.816161203928069881e+03
3.850000000000000000e+02,4.049833500670501962e+00,8.820210523711622955e+03
3.860000000000000000e+02,4.049308701341033156e+00,8.824260357212293457e+03
3.870000000000000000e+02,4.049185926013706194e+00,8.828309665913635399e+03
3.880000000000000000e+02,4.049819725424640637e+00,8.832358851839650015e+03
3.890000000000000000e+02,4.049110284650851099e+00,8.836408671565073746e+03
3.900000000000000000e+02,4.049132491320051486e+00,8.840457781849723688e+03
3.910000000000000000e+02,4.049879790874911123e+00,8.844506914341043739e+03
3.920000000000000000e+02,4.049122411692223977e+00,8.848556794131920469e+03
3.930000000000000000e+02,4.049285181587947591e+00,8.852605916543612693e+03
3.940000000000000000e+02,4.049877906039000663e+00,8.856655201725199731e+03
3.950000000000000000e+02,4.049121366570034297e+00,8.860705079631239641e+03
3.960000000000000000e+02,4.049124062639748445e+00,8.864754200997809676e+03
3.970000000000000000e+02,4.049805184271463077e+00,8.868803325060449424e+03
3.980000000000000000e+02,4.048972945871355478e+00,8.872853130244719068e+03
3.990000000000000000e+02,4.049123553874778736e+00,8.876902103190590424e+03
4.000000000000000000e+02,4.049902459281838674e+00,8.880951226744466112e+03
4.010000000000000000e+02,4.048993668038747273e+00,8.885001129203748860e+03
4.020000000000000000e+02,4.049272004428530636e+00,8.889050122871787607e+03
4.030000000000000000e+02,4.049808444581685762e+00,8.893099394876215229e+03
4.040000000000000000e+02,4.048948077498607745e+00,8.897149203320797824e+03
4.050000000000000000e+02,4.049108725698715716e+00,8.901198151398295522e+03
4.060000000000000000e+02,4.049705111815455894e+00,8.905247260123993328e+03
4.070000000000000000e+02,4.048889162586419843e+00,8.909296965235809694e+03
4.080000000000000000e+02,4.049157284820466884e+00,8.913345854398396114e+03
4.090000000000000000e+02,4.049815600842521235e+00,8.917395011683216580e+03
4.100000000000000000e+02,4.048902813625318231e+00,8.921444827284060011e+03
4.110000000000000000e+02,4.049270162850916677e+00,8.925493730097685329e+03
4.120000000000000000e+02,4.049640408389677759e+00,8.929543000260535337e+03
4.130000000000000000e+02,4.048835573566066159e+00,8.933592640668925014e+03
4.140000000000000000e+02,4.049132616763927217e+00,8.937641476242490171e+03
4.150000000000000000e+02,4.049540680191967112e+00,8.941690608859255008e+03
4.160000000000000000e+02,4.048880996453590342e+00,8.945740149539447884e+03
4.170000000000000000e+02,4.049208803555302438e+00,8.949789030535899656e+03
4.180000000000000000e+02,4.049642384949947882e+00,8.953838239339456777e+03
4.190000000000000000e+02,4.048872074932660325e+00,8.957887881724405815e+03
4.200000000000000000e+02,4.049262494100730692e+00,8.961936753799338476e+03
4.210000000000000000e+02,4.049420216227190394e+00,8.965986016293438297e+03
4.220000000000000000e+02,4.048810292418238532e+00,8.970035436509666397e+03
4.230000000000000000e+02,4.049173893875376962e+00,8.974084246802085545e+03
4.240000000000000000e+02,4.049358090442183311e+00,8.978133420695960012e+03
4.250000000000000000e+02,4.048946440628242271e+00,8.982182778786402196e+03
4.260000000000000000e+02,4.049239896995459276e+00,8.986231725227029528e+03
4.270000000000000000e+02,4.049444615040556528e+00,8.990280965124025897e+03
4.280000000000000000e+02,4.048906184332736302e+00,8.994330409739066454e+03
4.290000000000000000e+02,4.049221046132515767e+00,8.998379315923399190e+03
4.300000000000000000e+02,4.049227329266614106e+00,9.002428536969531706e+03
4.310000000000000000e+02,4.048878240948397433e+00,9.006477764298797410e+03
4.320000000000000000e+02,4.049193885546628735e+00,9.010526642539745808e+03
4.330000000000000000e+02,4.049223227345464693e+00,9.014575836425294256e+03
4.340000000000000000e+02,4.049073911046434660e+00,9.018625059652638811e+03
4.350000000000000000e+02,4.049218593384466658e+00,9.022674133563685245e+03
4.360000000000000000e+02,4.049287608194390486e+00,9.026723352157070622e+03
4.370000000000000000e+02,4.049003709973476361e+00,9.030772639765264103e+03
4.380000000000000000e+02,4.049144221593451221e+00,9.034821643475237579e+03
4.390000000000000000e+02,4.049117068942905462e+00,9.038870787696831030e+03
4.400000000000000000e+02,4.049027150315851031e+00,9.042919904765774845e+03
4.410000000000000000e+02,4.049189477265827009e+00,9.046968931916089787e+03
4.420000000000000000e+02,4.049159500536006817e+00,9.051018121393355614e+03
4.430000000000000000e+02,4.049241142367463908e+00,9.055067280893890711e+03
4.440000000000000000e+02,4.049164349290549580e+00,9.059116522036259994e+03
4.450000000000000000e+02,4.049191243334462342e+00,9.063165686385549634e+03
4.460000000000000000e+02,4.049147607102895563e+00,9.067214877628885006e+03
4.470000000000000000e+02,4.049073766996116319e+00,9.071264025235986992e+03
4.480000000000000000e+02,4.049097959715254547e+00,9.075313099002982199e+03
4.490000000000000000e+02,4.049220553414670576e+00,9.079362196962698363e+03
4.500000000000000000e+02,4.049188762912308448e+00,9.083411417516112124e+03
4.510000000000000000e+02,4.049158054897816328e+00,9.087460606279026251e+03
4.520000000000000000e+02,4.049410859372983396e+00,9.091509764333923158e+03
4.530000000000000000e+02,4.049120016572487657e+00,9.095559175193295232e+03
4.540000000000000000e+02,4.049155980440446001e+00,9.099608295209869539e+03
4.550000000000000000e+02,4.049304837683848746e+00,9.103657451190309075e+03
4.560000000000000000e+02,4.049056037008085696e+00,9.107706756027993833e+03
4.570000000000000000e+02,4.049156321370901424e+00,9.111755812065001010e+03
4.580000000000000000e+02,4.049407113538109115e+00,9.115804968386371911e+03
4.590000000000000000e+02,4.049221989553188905e+00,9.119854375499910020e+03
4.600000000000000000e+02,4.049202794009943318e+00,9.123903597489463209e+03
4.610000000000000000e+02,4.049537449014678714e+00,9.127952800283474062e+03
4.620000000000000000e+02,4.049124135294732696e+00,9.132002337732486922e+03
4.630000000000000000e+02,4.049178658340679249e+00,9.136051461867782564e+03
4.640000000000000000e+02,4.049435909114436072e+00,9.140100640526123243e+03
4.650000000000000000e+02,4.049114858950815687e+00,9.144150076435238589e+03
4.660000000000000000e+02,4.049270437604718609e+00,9.148199191294188495e+03
4.670000000000000000e+02,4.049534408888575854e+00,9.152248461731793213e+03
4.680000000000000000e+02,4.049301743102660112e+00,9.156297996140681789e+03
4.690000000000000000e+02,4.049278581904218299e+00,9.160347297883785359e+03
4.700000000000000000e+02,4.049584194373892387e+00,9.164396576465689577e+03
4.710000000000000000e+02,4.049192460705853591e+00,9.168446160660063470e+03
4.720000000000000000e+02,4.049250765856413636e+00,9.172495353120768414e+03
4.730000000000000000e+02,4.049511775026076066e+00,9.176544603886624827e+03
4.740000000000000000e+02,4.049243898555687338e+00,9.180594115661649994e+03
4.750000000000000000e+02,4.049408876311645145e+00,9.184643359560206591e+03
4.760000000000000000e+02,4.049572581059692311e+00,9.188692768436518236e+03
4.770000000000000000e+02,4.049419279725952947e+00,9.192742341017577928e+03
4.780000000000000000e+02,4.049364175872142368e+00,9.196791760297302972e+03
4.790000000000000000e+02,4.049543116826498590e+00,9.200841124473176023e+03
4.800000000000000000e+02,4.049318390099870157e+00,9.204890667590003432e+03
4.810000000000000000e+02,4.049351489334185317e+00,9.208939985980101483e+03
4.820000000000000000e+02,4.049521481836563908e+00,9.212989337469436578e+03
4.830000000000000000e+02,4.049415710172070249e+00,9.217038858951273141e+03
4.840000000000000000e+02,4.049535031270352192e+00,9.221088274661444302e+03
4.850000000000000000e+02,4.049521489170729183e+00,9.225137809692714654e+03
4.860000000000000000e+02,4.049549827886949060e+00,9.229187331181885384e+03
4.870000000000000000e+02,4.049431321875999856e+00,9.233236881009772333e+03
4.880000000000000000e+02,4.049440278335168841e+00,9.237286312331649242e+03
4.890000000000000000e+02,4.049479412469736417e+00,9.241335752609984411e+03
4.900000000000000000e+02,4.049436014092862024e+00,9.245385232022454147e+03
4.910000000000000000e+02,4.049487337636492157e+00,9.249434668036547009e+03
4.920000000000000000e+02,4.049591738299568533e+00,9.253484155374182592e+03
4.930000000000000000e+02,4.049594457153943949e+00,9.257533747112483979e+03
4.940000000000000000e+02,4.049426158448113711e+00,9.261583341569636104e+03
4.950000000000000000e+02,4.049666402481307159e+00,9.265632767728086037e+03
4.960000000000000000e+02,4.049437301634497999e+00,9.269682434130565525e+03
4.970000000000000000e+02,4.049334441644532490e+00,9.273731871432200933e+03
4.980000000000000000e+02,4.049650283107439463e+00,9.277781205873845465e+03
4.990000000000000000e+02,4.049456011649454013e+00,9.281830856156953814e+03
5.000000000000000000e+02,4.049444240445154719e+00,9.285880312168603268e+03
5.010000000000000000e+02,4.049742351615350344e+00,9.289929756409048423e+03
5.020000000000000000e+02,4.049558226220142387e+00,9.293979498760661954e+03
5.030000000000000000e+02,4.049328158513162634e+00,9.298029056986883006e+03
5.040000000000000000e+02,4.049755118822758959e+00,9.302078385145396169e+03
5.050000000000000000e+02,4.049377467869817337e+00,9.306128140264219837e+03
5.060000000000000000e+02,4.049261161237154738e+00,9.310177517732088745e+03
5.070000000000000000e+02,4.049804439086074126e+00,9.314226778893325900e+03
5.080000000000000000e+02,4.049406116160753299e+00,9.318276583332411974e+03
5.090000000000000000e+02,4.049410034509492107e+00,9.322325989448572727e+03
5.100000000000000000e+02,4.049842517619254068e+00,9.326375399483082219e+03
5.110000000000000000e+02,4.049439659481322451e+00,9.330425242000701473e+03
5.120000000000000000e+02,4.049257906011007435e+00,9.334474681660183705e+03
5.130000000000000000e+02,4.049803356098891527e+00,9.338523939566193803e+03
5.140000000000000000e+02,4.049277846283075633e+00,9.342573742922293604e+03
5.150000000000000000e+02,4.049239849085097376e+00,9.346623020768576680e+03
5.160000000000000000e+02,4.049909392248991935e+00,9.350672260617660868e+03
5.170000000000000000e+02,4.049306950306345243e+00,9.354722170009910769e+03
5.180000000000000000e+02,4.049398240865230036e+00,9.358771476960217115e+03
5.190000000000000000e+02,4.049870803081830672e+00,9.362820875201081435e+03
5.200000000000000000e+02,4.049279017387561908e+00,9.366870746004162356e+03
5.210000000000000000e+02,4.049236292555178807e+00,9.370920025021550828e+03
5.220000000000000000e+02,4.049798943241512461e+00,9.374969261314105097e+03
5.230000000000000000e+02,4.049182294197635201e+00,9.379019060257347519e+03
5.240000000000000000e+02,4.049273256564447365e+00,9.383068242551544245e+03
5.250000000000000000e+02,4.049935206892769202e+00,9.387117515808109601e+03
5.260000000000000000e+02,4.049201972346963885e+00,9.391167451015002371e+03
5.270000000000000000e+02,4.049411871475058433e+00,9.395216652987350244e+03
5.280000000000000000e+02,4.049816055278824933e+00,9.399266064858824393e+03
5.290000000000000000e+02,4.049136007894048817e+00,9.403315880914102308e+03
5.300000000000000000e+02,4.049268718146777246e+00,9.407365016921998176e+03
5.310000000000000000e+02,4.049738731308934803e+00,9.411414285640144954e+03
5.320000000000000000e+02,4.049133711553622561e+00,9.415464024371452979e+03
5.330000000000000000e+02,4.049348254774486122e+00,9.419513158083005692e+03
5.340000000000000000e+02,4.049876285365826334e+00,9.423562506337781087e+03
5.350000000000000000e+02,4.049133084358800261e+00,9.427612382623146914e+03
5.360000000000000000e+02,4.049442427874964778e+00,9.431661515707506624e+03
5.370000000000000000e+02,4.049694372514750285e+00,9.435710958135379769e+03
5.380000000000000000e+02,4.049059768790357339e+00,9.439760652507895429e+03
5.390000000000000000e+02,4.049345546359290893e+00,9.443809712276684877e+03
5.400000000000000000e+02,4.049636622999969404e+00,9.447859057823045077e+03
5.410000000000000000e+02,4.049154876232023526e+00,9.451908694446045047e+03
5.420000000000000000e+02,4.049439669961429900e+00,9.455957849322276161e+03
5.430000000000000000e+02,4.049752726024962612e+00,9.460007288992237591e+03
5.440000000000000000e+02,4.049125690162327373e+00,9.464057041718264372e+03
5.450000000000000000e+02,4.049474468819425965e+00,9.468106167408426700e+03
5.460000000000000000e+02,4.049543481517503096e+00,9.472155641877245216e+03
5.470000000000000000e+02,4.049074608517912566e+00,9.476205185358761810e+03
5.480000000000000000e+02,4.049441048273365595e+00,9.480254259967281541e+03
5.490000000000000000e+02,4.049527071383636212e+00,9.484303701015553088e+03
5.500000000000000000e+02,4.049244129227190570e+00,9.488353228086936724e+03
5.510000000000000000e+02,4.049510293771163560e+00,9.492402472216164824e+03
5.520000000000000000e+02,4.049616388975664449e+00,9.496451982509935988e+03
5.530000000000000000e+02,4.049184831903403392e+00,9.500501598898910743e+03
5.540000000000000000e+02,4.049479896994853334e+00,9.504550783730814146e+03
5.550000000000000000e+02,4.049429994278398226e+00,9.508600263627809909e+03
5.560000000000000000e+02,4.049180800466274377e+00,9.512649693622088307e+03
5.570000000000000000e+02,4.049511389156577934e+00,9.516698874422554582e+03
5.580000000000000000e+02,4.049462844885965751e+00,9.520748385811712069e+03
5.590000000000000000e+02,4.049390400121410494e+00,9.524797848656597125e+03
5.600000000000000000e+02,4.049528591500347829e+00,9.528847239056718536e+03
5.610000000000000000e+02,4.049519207975208701e+00,9.532896767648218884e+03
5.620000000000000000e+02,4.049308080769151275e+00,9.536946286856193183e+03
5.630000000000000000e+02,4.049456737000582507e+00,9.540995594936963244e+03
5.640000000000000000e+02,4.049391003713026294e+00,9.545045051673963826e+03
5.650000000000000000e+02,4.049360571782017360e+00,9.549094442677676852e+03
5.660000000000000000e+02,4.049553387089872558e+00,9.553143803249458870e+03
5.670000000000000000e+02,4.049450543711827777e+00,9.557193356636547833e+03
5.680000000000000000e+02,4.049571052406463423e+00,9.561242807180260570e+03
5.690000000000000000e+02,4.049514618433931901e+00,9.565292378232667033e+03
5.700000000000000000e+02,4.049467853959868080e+00,9.569341892851101875e+03
5.710000000000000000e+02,4.049475559720121964e+00,9.573391360705059924e+03
5.720000000000000000e+02,4.049438778277362871e+00,9.577440836264780955e+03
5.730000000000000000e+02,4.049422599960962543e+00,9.581490275043059228e+03
5.740000000000000000e+02,4.049573753308322921e+00,9.585539697643020190e+03
5.750000000000000000e+02,4.049585404519348231e+00,9.589589271396327604e+03
5.760000000000000000e+02,4.049480852350825444e+00,9.593638856800847861e+03
5.770000000000000000e+02,4.049746244148082042e+00,9.597688337653198687e+03
5.780000000000000000e+02,4.049499000864670961e+00,9.601738083897345859e+03
5.790000000000000000e+02,4.049467170003481442e+00,9.605787582898210530e+03
5.800000000000000000e+02,4.049649543297164200e+00,9.609837050068214012e+03
5.810000000000000000e+02,4.049454901236458682e+00,9.613886699611510267e+03
5.820000000000000000e+02,4.049514406632624741e+00,9.617936154512746725e+03
5.830000000000000000e+02,4.049764320120630146e+00,9.621985668919380259e+03
5.840000000000000000e+02,4.049628529152869305e+00,9.626035433239499980e+03
5.850000000000000000e+02,4.049545493257937778e+00,9.630085061768653759e+03
5.860000000000000000e+02,4.049866359353472944e+00,9.634134607261912606e+03
5.870000000000000000e+02,4.049513961646880489e+00,9.638184473621266079e+03
5.880000000000000000e+02,4.049517985144120757e+00,9.642233987582912960e+03
5.890000000000000000e+02,4.049784373061811493e+00,9.646283505568055261e+03
5.900000000000000000e+02,4.049523399640747812e+00,9.650333289941117982e+03
5.910000000000000000e+02,4.049645550617242407e+00,9.654382813340758730e+03
5.920000000000000000e+02,4.049876935615429829e+00,9.658432458891376882e+03
5.930000000000000000e+02,4.049698393357175519e+00,9.662482335826991402e+03
5.940000000000000000e+02,4.049629682815975684e+00,9.666532034220348578e+03
5.950000000000000000e+02,4.049894442412551143e+00,9.670581663903165463e+03
5.960000000000000000e+02,4.049579409801481233e+00,9.674631558345576195e+03
5.970000000000000000e+02,4.049606756046159717e+00,9.678681137755378586e+03
5.980000000000000000e+02,4.049847633568788297e+00,9.682730744511423836e+03
5.990000000000000000e+02,4.049644005199297681e+00,9.686780592144994444e+03
6.000000000000000000e+02,4.049781899437221000e+00,9.690830236150191922e+03
6.010000000000000000e+02,4.049884798639141081e+00,9.694880018049629143e+03
6.020000000000000000e+02,4.049794610988101340e+00,9.698929902848269194e+03
6.030000000000000000e+02,4.049710104257428611e+00,9.702979697459257295e+03
6.040000000000000000e+02,4.049826806536657386e+00,9.707029407563513814e+03
6.050000000000000000e+02,4.049695759388669103e+00,9.711079234370052291e+03
6.060000000000000000e+02,4.049705020449437143e+00,9.715128930129440050e+03
6.070000000000000000e+02,4.049832172980131872e+00,9.719178635149888578e+03
6.080000000000000000e+02,4.049796441207035969e+00,9.723228467322869619e+03
6.090000000000000000e+02,4.049881329913660011e+00,9.727278263764077565e+03
6.100000000000000000e+02,4.049801233481957752e+00,9.731328145093990315e+03
6.110000000000000000e+02,4.049899776361598924e+00,9.735377946327473182e+03
6.120000000000000000e+02,4.049748910829293891e+00,9.739427846103833872e+03
6.130000000000000000e+02,4.049705922725479468e+00,9.743477595014663166e+03
6.140000000000000000e+02,4.049845049935356656e+00,9.747527300937388645e+03
6.150000000000000000e+02,4.049755852755879459e+00,9.751577145987324911e+03
6.160000000000000000e+02,4.049776482062043215e+00,9.755626901840079881e+03
6.170000000000000000e+02,4.049949054283388250e+00,9.759676678322142834e+03
6.180000000000000000e+02,4.049887283534189919e+00,9.763726627376425313e+03
6.190000000000000000e+02,4.049684188781611738e+00,9.767776514659959503e+03
6.200000000000000000e+02,4.049994877858807740e+00,9.771826198848741114e+03
6.210000000000000000e+02,4.049708611546520842e+00,9.775876193726599013e+03
6.220000000000000000e+02,4.049592271250730846e+00,9.779925902338145534e+03
6.230000000000000000e+02,4.050004306373011786e+00,9.783975494609396264e+03
6.240000000000000000e+02,4.049724295502528548e+00,9.788025498915769276e+03
6.250000000000000000e+02,4.049714053892785159e+00,9.792075223211271805e+03
6.260000000000000000e+02,4.050076173796696821e+00,9.796124937265165499e+03
6.270000000000000000e+02,4.049789456008511479e+00,9.800175013438962196e+03
6.280000000000000000e+02,4.049572817903936084e+00,9.804224802894970708e+03
6.290000000000000000e+02,4.050065895989064302e+00,9.808274375712873734e+03
6.300000000000000000e+02,4.049601506117141980e+00,9.812324441608863708e+03
6.310000000000000000e+02,4.049516431759911939e+00,9.816374043114981760e+03
6.320000000000000000e+02,4.050140274108343874e+00,9.820423559546739853e+03
6.330000000000000000e+02,4.049620721448263794e+00,9.824473699820850015e+03
6.340000000000000000e+02,4.049663760908515542e+00,9.828523320542297370e+03
6.350000000000000000e+02,4.050148066607107467e+00,9.832572984303205885e+03
6.360000000000000000e+02,4.049616410274211376e+00,9.836623132369812083e+03
6.370000000000000000e+02,4.049496768384415191e+00,9.840672748780087204e+03
6.380000000000000000e+02,4.050092834976567246e+00,9.844722245548471619e+03
6.390000000000000000e+02,4.049465644021438493e+00,9.848772338383449096e+03
6.400000000000000000e+02,4.049493230783809850e+00,9.852821804027469625e+03
6.410000000000000000e+02,4.050211579801725748e+00,9.856871297258254344e+03
6.420000000000000000e+02,4.049480268994557264e+00,9.860921508838055161e+03
6.430000000000000000e+02,4.049637133610303863e+00,9.864970989107048808e+03
6.440000000000000000e+02,4.050135301231421181e+00,9.869020626240660931e+03
6.450000000000000000e+02,4.049423653327721695e+00,9.873070761541890533e+03
6.460000000000000000e+02,4.049471870891466097e+00,9.877120185195219165e+03
6.470000000000000000e+02,4.050053557184583042e+00,9.881169657066111540e+03
6.480000000000000000e+02,4.049353437115314591e+00,9.885219710623296123e+03
6.490000000000000000e+02,4.049519488898113195e+00,9.889269064060410528e+03
6.500000000000000000e+02,4.050184465394522704e+00,9.893318583549309551e+03
6.510000000000000000e+02,4.049354597274032130e+00,9.897368768014703164e+03
6.520000000000000000e+02,4.049632151341029385e+00,9.901418122611976287e+03
6.530000000000000000e+02,4.050027057529405283e+00,9.905467754763318226e+03
6.540000000000000000e+02,4.049273563387032482e+00,9.909517781820846722e+03
6.550000000000000000e+02,4.049496356914460193e+00,9.913567055384235573e+03
6.560000000000000000e+02,4.049944278970542655e+00,9.917616551741150033e+03
6.570000000000000000e+02,4.049303723503726360e+00,9.921666496020119666e+03
6.580000000000000000e+02,4.049574823722650763e+00,9.925715799743622483e+03
6.590000000000000000e+02,4.050058877110132016e+00,9.929765374567345134e+03
6.600000000000000000e+02,4.049282319657322660e+00,9.933815433444455266e+03
6.610000000000000000e+02,4.049634044302365510e+00,9.937864715764113498e+03
6.620000000000000000e+02,4.049845099863887299e+00,9.941914349808415864e+03
6.630000000000000000e+02,4.049208022474886093e+00,9.945964194908279751e+03
6.640000000000000000e+02,4.049550610853657417e+00,9.950013402930755547e+03
6.650000000000000000e+02,4.049785660934503539e+00,9.954062953541608294e+03
6.660000000000000000e+02,4.049329396733810427e+00,9.958112739202542798e+03
6.670000000000000000e+02,4.049624006500380347e+00,9.962162068599276608e+03
6.680000000000000000e+02,4.049871165286276664e+00,9.966211692605776989e+03
6.690000000000000000e+02,4.049278079243777029e+00,9.970261563771062356e+03
6.700000000000000000e+02,4.049614816272878670e+00,9.974310841850307042e+03
6.710000000000000000e+02,4.049648884448288300e+00,9.978360456666579921e+03
6.720000000000000000e+02,4.049237335208090371e+00,9.982410105551029119e+03
6.730000000000000000e+02,4.049590211202485079e+00,9.986459342886235390e+03
6.740000000000000000e+02,4.049637050175078912e+00,9.990508933097438785e+03
6.750000000000000000e+02,4.049419902378758707e+00,9.994558570147613864e+03
6.760000000000000000e+02,4.049618542217103823e+00,9.998607990049993532e+03
6.770000000000000000e+02,4.049694717219608719e+00,1.000265760859220973e+04
6.780000000000000000e+02,4.049340543010657711e+00,1.000670730330942934e+04
6.790000000000000000e+02,4.049546059281055932e+00,1.001075664385244090e+04
6.800000000000000000e+02,4.049512399080413161e+00,1.001480618991172014e+04
6.810000000000000000e+02,4.049352080985954672e+00,1.001885570231080055e+04
6.820000000000000000e+02,4.049583753524530039e+00,1.002290505439178742e+04
6.830000000000000000e+02,4.049543850359441421e+00,1.002695463814531104e+04
6.840000000000000000e+02,4.049557318931874761e+00,1.003100418199567139e+04
6.850000000000000000e+02,4.049553499316971283e+00,1.003505373931460417e+04
6.860000000000000000e+02,4.049566178798158944e+00,1.003910329281392114e+04
6.870000000000000000e+02,4.049457135879492853e+00,1.004315285899271839e+04
6.880000000000000000e+02,4.049452956329332665e+00,1.004720231612859789e+04
6.890000000000000000e+02,4.049454840903308650e+00,1.005125176908492722e+04
6.900000000000000000e+02,4.049520724185640574e+00,1.005530122392583144e+04
6.910000000000000000e+02,4.049550867276593635e+00,1.005935074465001526e+04
6.920000000000000000e+02,4.049503353507134307e+00,1.006340029551729276e+04
6.930000000000000000e+02,4.049707536118148710e+00,1.006744979887079899e+04
6.940000000000000000e+02,4.049467021003692935e+00,1.007149950640691895e+04
6.950000000000000000e+02,4.049490244578009879e+00,1.007554897342792174e+04
6.960000000000000000e+02,4.049595814198255539e+00,1.007959846367250066e+04
6.970000000000000000e+02,4.049380989842575218e+00,1.008364805948669891e+04
6.980000000000000000e+02,4.049468830998193880e+00,1.008769744047654058e+04
6.990000000000000000e+02,4.049691899248500704e+00,1.009174690930753786e+04
7.000000000000000000e+02,4.049524674222993781e+00,1.009579660120678818e+04
7.010000000000000000e+02,4.049504790193168446e+00,1.009984612588100936e+04
7.020000000000000000e+02,4.049822431756183505e+00,1.010389563067120253e+04
7.030000000000000000e+02,4.049405206843402993e+00,1.010794545310295871e+04
7.040000000000000000e+02,4.049467024900877732e+00,1.011199485830980302e+04
7.050000000000000000e+02,4.049712161421666679e+00,1.011604432533470390e+04
7.060000000000000000e+02,4.049368412214789714e+00,1.012009403749612466e+04
7.070000000000000000e+02,4.049535916046806960e+00,1.012414340590834036e+04
7.080000000000000000e+02,4.049806300104137335e+00,1.012819294182438716e+04
7.090000000000000000e+02,4.049535169029695680e+00,1.013224274812449221e+04
7.100000000000000000e+02,4.049535093828126264e+00,1.013629228329352190e+04
7.110000000000000000e+02,4.049854888387017127e+00,1.014034181838734912e+04
7.120000000000000000e+02,4.049402945429392275e+00,1.014439167327573523e+04
7.130000000000000000e+02,4.049490892375615658e+00,1.014844107622116644e+04
7.140000000000000000e+02,4.049765909007874143e+00,1.015249056711354206e+04
7.150000000000000000e+02,4.049429212453105720e+00,1.015654033302254902e+04
7.160000000000000000e+02,4.049628233470684791e+00,1.016058976223500213e+04
7.170000000000000000e+02,4.049822350132672000e+00,1.016463939046847372e+04
7.180000000000000000e+02,4.049592176971600566e+00,1.016868921281860457e+04
7.190000000000000000e+02,4.049574143534300674e+00,1.017273880499557708e+04
7.200000000000000000e+02,4.049787122482484847e+00,1.017678837913911048e+04
7.210000000000000000e+02,4.049470341308733623e+00,1.018083816626159387e+04
7.220000000000000000e+02,4.049541316537215607e+00,1.018488763660290351e+04
7.230000000000000000e+02,4.049741755727154668e+00,1.018893717791944073e+04
7.240000000000000000e+02,4.049550650917808525e+00,1.019298691967516788e+04
7.250000000000000000e+02,4.049708578188983665e+00,1.019703647032608569e+04
7.260000000000000000e+02,4.049736069751816103e+00,1.020108617890427377e+04
7.270000000000000000e+02,4.049681932283419883e+00,1.020513591497402558e+04
7.280000000000000000e+02,4.049594660347793251e+00,1.020918559690630900e+04
7.290000000000000000e+02,4.049641558659459406e+00,1.021323519156665679e+04
7.300000000000000000e+02,4.049592615241635940e+00,1.021728483312531534e+04
7.310000000000000000e+02,4.049577961819522898e+00,1.022133442574055880e+04
7.320000000000000000e+02,4.049660853865134413e+00,1.022538400370237650e+04
7.330000000000000000e+02,4.049697593368364323e+00,1.022943366455624346e+04
7.340000000000000000e+02,4.049725088345439872e+00,1.023348336214961091e+04
7.350000000000000000e+02,4.049593444533456932e+00,1.023753308723795635e+04
7.360000000000000000e+02,4.049775278409470047e+00,1.024158268068248981e+04
7.370000000000000000e+02,4.049554329393686203e+00,1.024563245596089837e+04
7.380000000000000000e+02,4.049483373833027144e+00,1.024968201029029296e+04
7.390000000000000000e+02,4.049739986710847006e+00,1.025373149366412690e+04
7.400000000000000000e+02,4.049551303384760104e+00,1.025778123365083593e+04
7.410000000000000000e+02,4.049567617957109178e+00,1.026183078495422160e+04
7.420000000000000000e+02,4.049832393643555406e+00,1.026588035257217780e+04
7.430000000000000000e+02,4.049646060071609099e+00,1.026993018496582226e+04
7.440000000000000000e+02,4.049443848980445182e+00,1.027397983102589387e+04
7.450000000000000000e+02,4.049849789520521881e+00,1.027802927487487432e+04
7.460000000000000000e+02,4.049447561522356409e+00,1.028207912466439484e+04
7.470000000000000000e+02,4.049353770043126133e+00,1.028612857222591629e+04
7.480000000000000000e+02,4.049880301546181727e+00,1.029017792599596032e+04
7.490000000000000000e+02,4.049457107095804531e+00,1.029422780629750559e+04
7.500000000000000000e+02,4.049481075928270002e+00,1.029827726340460140e+04
7.510000000000000000e+02,4.049922875487027341e+00,1.030232674448053149e+04
7.520000000000000000e+02,4.049486430553770333e+00,1.030637666735601670e+04
7.530000000000000000e+02,4.049318178869725671e+00,1.031042615378657138e+04
7.540000000000000000e+02,4.049884939893672708e+00,1.031447547196544110e+04
7.550000000000000000e+02,4.049302794605864619e+00,1.031852535690533477e+04
7.560000000000000000e+02,4.049275064174253203e+00,1.032257465969994155e+04
7.570000000000000000e+02,4.049973146178672323e+00,1.032662393476411489e+04
7.580000000000000000e+02,4.049316649265165324e+00,1.033067390791029356e+04
7.590000000000000000e+02,4.049417101128710783e+00,1.033472322455955873e+04
7.600000000000000000e+02,4.049938884601942846e+00,1.033877264166068744e+04
7.610000000000000000e+02,4.049284447845820978e+00,1.034282258054528938e+04
7.620000000000000000e+02,4.049241184165111918e+00,1.034687186499313611e+04
7.630000000000000000e+02,4.049861640600283863e+00,1.035092110617730032e+04
7.640000000000000000e+02,4.049162169693772739e+00,1.035497096781790060e+04
7.650000000000000000e+02,4.049254595853199135e+00,1.035902012998759528e+04
7.660000000000000000e+02,4.049980965784925502e+00,1.036306938458344666e+04
7.670000000000000000e+02,4.049170280604812433e+00,1.036711936554923159e+04
7.680000000000000000e+02,4.049382456777493644e+00,1.037116853582983822e+04
7.690000000000000000e+02,4.049860737059134408e+00,1.037521791828661480e+04
7.700000000000000000e+02,4.049098336636234308e+00,1.037926777902367394e+04
7.710000000000000000e+02,4.049222624211324728e+00,1.038331687736031017e+04
7.720000000000000000e+02,4.049769422373174166e+00,1.038736609998452150e+04
7.730000000000000000e+02,4.049070440119066916e+00,1.039141586940689376e+04
7.740000000000000000e+02,4.049283095381724706e+00,1.039546493984701374e+04
7.750000000000000000e+02,4.049890132889231609e+00,1.039951422294239455e+04
7.760000000000000000e+02,4.049061260389862582e+00,1.040356411307528469e+04
7.770000000000000000e+02,4.049371389244697639e+00,1.040761317433567456e+04
7.780000000000000000e+02,4.049700020013005997e+00,1.041166254572491926e+04
7.790000000000000000e+02,4.048978879443893675e+00,1.041571224574493317e+04
7.800000000000000000e+02,4.049255802097832202e+00,1.041976122462437706e+04
7.810000000000000000e+02,4.049622359718341613e+00,1.042381048042647308e+04
7.820000000000000000e+02,4.049051646783482283e+00,1.042786010278619142e+04
7.830000000000000000e+02,4.049336421649059048e+00,1.043190915443297490e+04
7.840000000000000000e+02,4.049722138905963220e+00,1.043595849085462396e+04
7.850000000000000000e+02,4.049016138350452820e+00,1.044000821299353083e+04
7.860000000000000000e+02,4.049368050663360918e+00,1.044405722913188220e+04
7.870000000000000000e+02,4.049497993831209897e+00,1.044810659718254465e+04
7.880000000000000000e+02,4.048953127821732778e+00,1.045215609517637495e+04
7.890000000000000000e+02,4.049316015341901220e+00,1.045620504830419668e+04
7.900000000000000000e+02,4.049458964353107149e+00,1.046025436431953858e+04
7.910000000000000000e+02,4.049104850737421657e+00,1.046430382328389169e+04
7.920000000000000000e+02,4.049377933156392828e+00,1.046835292813463093e+04
7.930000000000000000e+02,4.049533007822901709e+00,1.047240230606778641e+04
7.940000000000000000e+02,4.049038794446460088e+00,1.047645183907560931e+04
7.950000000000000000e+02,4.049345629673553049e+00,1.048050087787005577e+04
7.960000000000000000e+02,4.049327612608976779e+00,1.048455022349972933e+04
7.970000000000000000e+02,4.049019813611266727e+00,1.048859955111233830e+04
7.980000000000000000e+02,4.049360205087396025e+00,1.049264857092595048e+04
7.990000000000000000e+02,4.049341472795276786e+00,1.049669793113103697e+04
8.000000000000000000e+02,4.049215438554711000e+00,1.050074727260383224e+04
8.010000000000000000e+02,4.049372584170669143e+00,1.050479648804238604e+04
8.020000000000000000e+02,4.049387470281544665e+00,1.050884586062655762e+04
8.030000000000000000e+02,4.049125103997539554e+00,1.051289524809684008e+04
8.040000000000000000e+02,4.049296140985461534e+00,1.051694437320083671e+04
8.050000000000000000e+02,4.049240746267969371e+00,1.052099366934182217e+04
8.060000000000000000e+02,4.049162422295921715e+00,1.052504291008809014e+04
8.070000000000000000e+02,4.049378878310562868e+00,1.052909207251038606e+04
8.080000000000000000e+02,4.049287684816590627e+00,1.053314145138869571e+04
8.090000000000000000e+02,4.049363058094058943e+00,1.053719073907351412e+04
8.100000000000000000e+02,4.049337247732182732e+00,1.054124010213160727e+04
8.110000000000000000e+02,4.049297158623630821e+00,1.054528943937933946e+04
8.120000000000000000e+02,4.049259293492468714e+00,1.054933873653796400e+04
8.130000000000000000e+02,4.049255708830060030e+00,1.055338799583145556e+04
8.140000000000000000e+02,4.049232930367907102e+00,1.055743725154028652e+04
8.150000000000000000e+02,4.049345783592798398e+00,1.056148648447065352e+04
8.160000000000000000e+02,4.049393807933483913e+00,1.056553583025424632e+04
8.170000000000000000e+02,4.049282166247394343e+00,1.056958522406217890e+04
8.180000000000000000e+02,4.049513704945638892e+00,1.057363450622842720e+04
8.190000000000000000e+02,4.049304958760330919e+00,1.057768401993337284e+04
8.200000000000000000e+02,4.049260590074482025e+00,1.058173332489213317e+04
8.210000000000000000e+02,4.049410227752559877e+00,1.058578258548220765e+04
8.220000000000000000e+02,4.049253667511948152e+00,1.058983199570995930e+04
8.230000000000000000e+02,4.049290167055005440e+00,1.059388124937747125e+04
8.240000000000000000e+02,4.049520314630171924e+00,1.059793053954452625e+04
8.250000000000000000e+02,4.049422067194427655e+00,1.060198005985915734e+04
8.260000000000000000e+02,4.049314520711050136e+00,1.060602948192635085e+04
8.270000000000000000e+02,4.049623859528765024e+00,1.061007879644706190e+04
8.280000000000000000e+02,4.049303138423965720e+00,1.061412842030659158e+04
8.290000000000000000e+02,4.049278708856036246e+00,1.061817772344501645e+04
8.300000000000000000e+02,4.049537890640749538e+00,1.062222700215387158e+04
8.310000000000000000e+02,4.049303888959002506e+00,1.062627654004451324e+04
8.320000000000000000e+02,4.049393165634683101e+00,1.063032584393347133e+04
8.330000000000000000e+02,4.049633091613941360e+00,1.063437523709910602e+04
8.340000000000000000e+02,4.049474321598609095e+00,1.063842487019071996e+04
8.350000000000000000e+02,4.049373624417967221e+00,1.064247434451231857e+04
8.360000000000000000e+02,4.049655911485388060e+00,1.064652371813673744e+04
8.370000000000000000e+02,4.049347766003847937e+00,1.065057337404822101e+04
8.380000000000000000e+02,4.049344077240675688e+00,1.065462272181422668e+04
8.390000000000000000e+02,4.049607872492742899e+00,1.065867206589146735e+04
8.400000000000000000e+02,4.049402646243834170e+00,1.066272167376395919e+04
8.410000000000000000e+02,4.049512603298353497e+00,1.066677107641020302e+04
8.420000000000000000e+02,4.049652979151687759e+00,1.067082058901350138e+04
8.430000000000000000e+02,4.049547890612302581e+00,1.067487024199265215e+04
8.440000000000000000e+02,4.049440432003393653e+00,1.067891978988326446e+04
8.450000000000000000e+02,4.049601778894611925e+00,1.068296923031526967e+04
8.460000000000000000e+02,4.049438544898293912e+00,1.068701883209416337e+04
8.470000000000000000e+02,4.049434172012297495e+00,1.069106827063906167e+04
8.480000000000000000e+02,4.049607055419073731e+00,1.069511770481107305e+04
8.490000000000000000e+02,4.049529744982464763e+00,1.069916731186649304e+04
8.500000000000000000e+02,4.049614794004810392e+00,1.070321684161147641e+04
8.510000000000000000e+02,4.049581815448618727e+00,1.070726645640547940e+04
8.520000000000000000e+02,4.049626631443061342e+00,1.071131603822092802e+04
8.530000000000000000e+02,4.049491022362417425e+00,1.071536566485237199e+04
8.540000000000000000e+02,4.049487840799883998e+00,1.071941515587473441e+04
8.550000000000000000e+02,4.049559591990146146e+00,1.072346464371553520e+04
8.560000000000000000e+02,4.049507229836308397e+00,1.072751420330752444e+04
8.570000000000000000e+02,4.049556841836420062e+00,1.073156371053736075e+04
8.580000000000000000e+02,4.049654167614789912e+00,1.073561326737919808e+04
8.590000000000000000e+02,4.049652038454041758e+00,1.073966292154681287e+04
8.600000000000000000e+02,4.049467280475255393e+00,1.074371257358526600e+04
8.610000000000000000e+02,4.049691699134200462e+00,1.074776204086574216e+04
8.620000000000000000e+02,4.049486957159388112e+00,1.075181173256487455e+04
8.630000000000000000e+02,4.049374725482266513e+00,1.075586121952203393e+04
8.640000000000000000e+02,4.049689379686242319e+00,1.075991059424751802e+04
8.650000000000000000e+02,4.049517430581545341e+00,1.076396028362720244e+04
8.660000000000000000e+02,4.049496163631374657e+00,1.076800980105778581e+04
8.670000000000000000e+02,4.049754194324123091e+00,1.077205929722141627e+04
8.680000000000000000e+02,4.049598753262216633e+00,1.077610905141574040e+04
8.690000000000000000e+02,4.049355153768374294e+00,1.078015865016900352e+04
8.700000000000000000e+02,4.049738250785594573e+00,1.078420800532277099e+04
8.710000000000000000e+02,4.049425454211814213e+00,1.078825774357355658e+04
8.720000000000000000e+02,4.049296982770101749e+00,1.079230716902776840e+04
8.730000000000000000e+02,4.049807496654466377e+00,1.079635646601053850e+04
8.740000000000000000e+02,4.049461266203252308e+00,1.080040627350719296e+04
8.750000000000000000e+02,4.049444533367932308e+00,1.080445573477339713e+04
8.760000000000000000e+02,4.049814580736892822e+00,1.080850517930676506e+04
8.770000000000000000e+02,4.049471224571789207e+00,1.081255499388750104e+04
8.780000000000000000e+02,4.049276552965238807e+00,1.081660446511207192e+04
8.790000000000000000e+02,4.049761547373236681e+00,1.082065374166503898e+04
8.800000000000000000e+02,4.049331940697811660e+00,1.082470350321241131e+04
8.810000000000000000e+02,4.049272323449258693e+00,1.082875283515310912e+04
8.820000000000000000e+02,4.049887267785379663e+00,1.083280210747655838e+04
8.830000000000000000e+02,4.049358834493432369e+00,1.083685199474434376e+04
8.840000000000000000e+02,4.049418032705943915e+00,1.084090135357883628e+04
8.850000000000000000e+02,4.049821049760794267e+00,1.084495077161154404e+04
8.860000000000000000e+02,4.049309143199025129e+00,1.084900059266130484e+04
8.870000000000000000e+02,4.049253646260694950e+00,1.085304990180450295e+04
8.880000000000000000e+02,4.049752759889997833e+00,1.085709915545076365e+04
8.890000000000000000e+02,4.049244224362155364e+00,1.086114890821065273e+04
8.900000000000000000e+02,4.049304354393825633e+00,1.086519815243501580e+04
8.910000000000000000e+02,4.049902424372703535e+00,1.086924745678940963e+04
8.920000000000000000e+02,4.049251334900873189e+00,1.087329735921378233e+04
8.930000000000000000e+02,4.049422469975979766e+00,1.087734661054868411e+04
8.940000000000000000e+02,4.049764619277084421e+00,1.088139603301866009e+04
8.950000000000000000e+02,4.049170691891049501e+00,1.088544579763793627e+04
8.960000000000000000e+02,4.049292826865894313e+00,1.088949496832982732e+04
8.970000000000000000e+02,4.049705012649610580e+00,1.089354426115669412e+04
8.980000000000000000e+02,4.049200972220205585e+00,1.089759396616934282e+04
8.990000000000000000e+02,4.049380488512724696e+00,1.090164316714156303e+04
9.000000000000000000e+02,4.049846907031678711e+00,1.090569254763007484e+04
9.010000000000000000e+02,4.049179986620401905e+00,1.090974239453710834e+04
9.020000000000000000e+02,4.049451376641627576e+00,1.091379157452372783e+04
9.030000000000000000e+02,4.049659275942758541e+00,1.091784102590036855e+04
9.040000000000000000e+02,4.049102502748610277e+00,1.092189068517631313e+04
9.050000000000000000e+02,4.049383113759176922e+00,1.092593978767906083e+04
9.060000000000000000e+02,4.049626789922513126e+00,1.092998917079282000e+04
9.070000000000000000e+02,4.049221762914385181e+00,1.093403879758274343e+04
9.080000000000000000e+02,4.049476056213279662e+00,1.093808801934565781e+04
9.090000000000000000e+02,4.049737954755073588e+00,1.094213749540187018e+04
9.100000000000000000e+02,4.049168882354933885e+00,1.094618723335662435e+04
9.110000000000000000e+02,4.049491630381453433e+00,1.095023640223898110e+04
9.120000000000000000e+02,4.049536552284735080e+00,1.095428589386936073e+04
9.130000000000000000e+02,4.049124291872431058e+00,1.095833543042164638e+04
9.140000000000000000e+02,4.049497714883727895e+00,1.096238455471351881e+04
9.150000000000000000e+02,4.049543464096132084e+00,1.096643405242840163e+04
9.160000000000000000e+02,4.049302807224194112e+00,1.097048359589249958e+04
9.170000000000000000e+02,4.049558129842807830e+00,1.097453289869972286e+04
9.180000000000000000e+02,4.049618107031164982e+00,1.097858245682956476e+04
9.190000000000000000e+02,4.049221084477721888e+00,1.098263207493659684e+04
9.200000000000000000e+02,4.049519816437168629e+00,1.098668129602107365e+04
9.210000000000000000e+02,4.049451351085735951e+00,1.099073081583751264e+04
9.220000000000000000e+02,4.049230206869651738e+00,1.099478026718859837e+04
9.230000000000000000e+02,4.049593667642511718e+00,1.099882949739546711e+04
9.240000000000000000e+02,4.049496076751893270e+00,1.100287909106311054e+04
9.250000000000000000e+02,4.049432569609962229e+00,1.100692858713986061e+04
9.260000000000000000e+02,4.049596872770962364e+00,1.101097801970947148e+04
9.270000000000000000e+02,4.049530517074344971e+00,1.101502761658224335e+04
9.280000000000000000e+02,4.049334278710375656e+00,1.101907714709931679e+04
9.290000000000000000e+02,4.049530549704286386e+00,1.102312648137802717e+04
9.300000000000000000e+02,4.049430766283876437e+00,1.102717601192773145e+04
9.310000000000000000e+02,4.049401561809645500e+00,1.103122544269401624e+04
9.320000000000000000e+02,4.049661082449347305e+00,1.103527484425582588e+04
9.330000000000000000e+02,4.049485678862765781e+00,1.103932450533827432e+04
9.340000000000000000e+02,4.049591938629419019e+00,1.104337399101713709e+04
9.350000000000000000e+02,4.049604596066274098e+00,1.104742358295576560e+04
9.360000000000000000e+02,4.049479847450129455e+00,1.105147318755183369e+04
9.370000000000000000e+02,4.049491847520584997e+00,1.105552266739928382e+04
9.380000000000000000e+02,4.049543572382390266e+00,1.105957215924680349e+04
9.390000000000000000e+02,4.049467411420664575e+00,1.106362170281918588e+04
9.400000000000000000e+02,4.049601401920881472e+00,1.106767117023060564e+04
9.410000000000000000e+02,4.049705307532349252e+00,1.107172077163252834e+04
9.420000000000000000e+02,4.049506568896504177e+00,1.107577047694005887e+04
9.430000000000000000e+02,4.049745964919566177e+00,1.107981998350895628e+04
9.440000000000000000e+02,4.049599043824855471e+00,1.108386972947387585e+04
9.450000000000000000e+02,4.049475926489321864e+00,1.108791932851770071e+04
9.460000000000000000e+02,4.049659992066153791e+00,1.109196880444419003e+04
9.470000000000000000e+02,4.049571665386793029e+00,1.109601846443625618e+04
9.480000000000000000e+02,4.049553581518921419e+00,1.110006803610164206e+04
9.490000000000000000e+02,4.049777168924265425e+00,1.110411758968316281e+04
9.500000000000000000e+02,4.049738752790290164e+00,1.110816736685208525e+04
9.510000000000000000e+02,4.049556344732081925e+00,1.111221710560487554e+04
9.520000000000000000e+02,4.049849538630041934e+00,1.111626666194960853e+04
9.530000000000000000e+02,4.049606168486207025e+00,1.112031651148823948e+04
9.540000000000000000e+02,4.049522904369950993e+00,1.112436611765672569e+04
9.550000000000000000e+02,4.049793711215897929e+00,1.112841564056109564e+04
9.560000000000000000e+02,4.049627703382611799e+00,1.113246543427231154e+04
9.570000000000000000e+02,4.049671034463244723e+00,1.113651506197569324e+04
9.580000000000000000e+02,4.049876185908942716e+00,1.114056473301015649e+04
9.590000000000000000e+02,4.049777598143009527e+00,1.114461460919606543e+04
9.600000000000000000e+02,4.049624878040049225e+00,1.114866438679420753e+04
9.610000000000000000e+02,4.049868658165905799e+00,1.115271401167224758e+04
9.620000000000000000e+02,4.049647663584437396e+00,1.115676388033041439e+04
9.630000000000000000e+02,4.049608391879701230e+00,1.116081352799399974e+04
9.640000000000000000e+02,4.049858122915793501e+00,1.116486313638587853e+04
9.650000000000000000e+02,4.049714830305674695e+00,1.116891299450879524e+04
9.660000000000000000e+02,4.049789860982855316e+00,1.117296270933909909e+04
9.670000000000000000e+02,4.049873888422553136e+00,1.117701249920008195e+04
9.680000000000000000e+02,4.049827769726107363e+00,1.118106237308850541e+04
9.690000000000000000e+02,4.049694141424879490e+00,1.118511220085823152e+04
9.700000000000000000e+02,4.049800991282609175e+00,1.118916189499965549e+04
9.710000000000000000e+02,4.049730209751942311e+00,1.119321169599093992e+04
9.720000000000000000e+02,4.049705945719324518e+00,1.119726142620069004e+04
9.730000000000000000e+02,4.049843005572256516e+00,1.120131113214640936e+04
9.740000000000000000e+02,4.049820151071799046e+00,1.120536097515198344e+04
9.750000000000000000e+02,4.049876524987666926e+00,1.120941079530305433e+04
9.760000000000000000e+02,4.049783086836214352e+00,1.121346067182804109e+04
9.770000000000000000e+02,4.049881564277711732e+00,1.121751045491487821e+04
9.780000000000000000e+02,4.049734783052372222e+00,1.122156033647915683e+04
9.790000000000000000e+02,4.049685394507832825e+00,1.122561007126220829e+04
9.800000000000000000e+02,4.049842261314552161e+00,1.122965975665671613e+04
9.810000000000000000e+02,4.049764369600779901e+00,1.123370959891803068e+04
9.820000000000000000e+02,4.049783252366978559e+00,1.123775936328763055e+04
9.830000000000000000e+02,4.049922104175493587e+00,1.124180914653999935e+04
9.840000000000000000e+02,4.049881027148330759e+00,1.124585906864417484e+04
9.850000000000000000e+02,4.049662354403153586e+00,1.124990894967132226e+04
9.860000000000000000e+02,4.049931413753256493e+00,1.125395861202572632e+04
9.870000000000000000e+02,4.049710836293343164e+00,1.125800854343947867e+04
9.880000000000000000e+02,4.049581605465391476e+00,1.126205825427577292e+04
9.890000000000000000e+02,4.049967192951953621e+00,1.126610783588123741e+04
9.900000000000000000e+02,4.049747545224818168e+00,1.127015780307418936e+04
9.910000000000000000e+02,4.049716356904355052e+00,1.127420755061941418e+04
9.920000000000000000e+02,4.050006832583676442e+00,1.127825726697631762e+04
9.930000000000000000e+02,4.049792487026024901e+00,1.128230727380890312e+04
9.940000000000000000e+02,4.049554889373212063e+00,1.128635706629592823e+04
9.950000000000000000e+02,4.049974646389273403e+00,1.129040662118530236e+04
9.960000000000000000e+02,4.049631571971076482e+00,1.129445659583169072e+04
9.970000000000000000e+02,4.049519025915287784e+00,1.129850622740366089e+04
9.980000000000000000e+02,4.050079661962627142e+00,1.130255574642957799e+04
9.990000000000000000e+02,4.049663163121294929e+00,1.130660582609153971e+04
1.000000000000000000e+03,4.049664845226288890e+00,1.131065548925466101e+04
1.001000000000000000e+03,4.050055696176968922e+00,1.131470515409988730e+04
1.002000000000000000e+03,4.049638170882644772e+00,1.131875520979606517e+04
1.003000000000000000e+03,4.049491892562400608e+00,1.132280484796694691e+04
1.004000000000000000e+03,4.049999058459434309e+00,1.132685433985951022e+04
1.005000000000000000e+03,4.049528537721016619e+00,1.133090433891796783e+04
1.006000000000000000e+03,4.049512260710798728e+00,1.133495386745568976e+04
1.007000000000000000e+03,4.050145541907113511e+00,1.133900337971639965e+04
1.008000000000000000e+03,4.049542949127499014e+00,1.134305352525830676e+04
1.009000000000000000e+03,4.049643795770862198e+00,1.134710306820743426e+04
1.010000000000000000e+03,4.050046727584231121e+00,1.135115271200320603e+04
1.011000000000000000e+03,4.049470684821244504e+00,1.135520275873078936e+04
1.012000000000000000e+03,4.049490445041556086e+00,1.135925222941561151e+04
1.013000000000000000e+03,4.049984105866315076e+00,1.136330171986065398e+04
1.014000000000000000e+03,4.049446414625890611e+00,1.136735170396652029e+04
1.015000000000000000e+03,4.049559288818272762e+00,1.137140115038114527e+04
1.016000000000000000e+03,4.050135249904087686e+00,1.137545070966996354e+04
1.017000000000000000e+03,4.049436152286034485e+00,1.137950084491986854e+04
1.018000000000000000e+03,4.049654119827209797e+00,1.138355028107215367e+04
1.019000000000000000e+03,4.049970687420682225e+00,1.138759993519198179e+04
1.020000000000000000e+03,4.049349403064297803e+00,1.139164990587940156e+04
1.021000000000000000e+03,4.049548700816558267e+00,1.139569925528246677e+04
1.022000000000000000e+03,4.049921457768505206e+00,1.139974880398328241e+04
1.023000000000000000e+03,4.049419751610912499e+00,1.140379872544105092e+04
1.024000000000000000e+03,4.049640449848084245e+00,1.140784814519266183e+04
1.025000000000000000e+03,4.050047903839185892e+00,1.141189778564250992e+04
1.026000000000000000e+03,4.049380548412045755e+00,1.141594783354635001e+04
1.027000000000000000e+03,4.049683545211337332e+00,1.141999721409476115e+04
1.028000000000000000e+03,4.049844064826174872e+00,1.142404689763997158e+04
1.029000000000000000e+03,4.049312678276692168e+00,1.142809674170479775e+04
1.030000000000000000e+03,4.049645677667285781e+00,1.143214605438307626e+04
1.031000000000000000e+03,4.049822502860479290e+00,1.143619570006074355e+04
1.032000000000000000e+03,4.049460260306659620e+00,1.144024552256360403e+04
1.033000000000000000e+03,4.049724392097232339e+00,1.144429498282391069e+04
1.034000000000000000e+03,4.049910388139323913e+00,1.144834470721600701e+04
1.035000000000000000e+03,4.049390892296287348e+00,1.145239461760414633e+04
1.036000000000000000e+03,4.049709173972587450e+00,1.145644400849644262e+04
1.037000000000000000e+03,4.049711907866367255e+00,1.146049371767041521e+04
1.038000000000000000e+03,4.049366962483873067e+00,1.146454342957828158e+04
1.039000000000000000e+03,4.049737718759388372e+00,1.146859279654076454e+04
1.040000000000000000e+03,4.049731024909306143e+00,1.147264253425952484e+04
1.041000000000000000e+03,4.049559208651771769e+00,1.147669226528443323e+04
1.042000000000000000e+03,4.049765329412366555e+00,1.148074182449308501e+04
1.043000000000000000e+03,4.049782768426666735e+00,1.148479158982249828e+04
1.044000000000000000e+03,4.049467498689409695e+00,1.148884137259092495e+04
1.045000000000000000e+03,4.049700343048243667e+00,1.149289084008961436e+04
1.046000000000000000e+03,4.049634609727036150e+00,1.149694054043266260e+04
1.047000000000000000e+03,4.049501339033668046e+00,1.150099017504238873e+04
1.048000000000000000e+03,4.049787898295107880e+00,1.150503967638142421e+04
1.049000000000000000e+03,4.049681584914651467e+00,1.150908946427971750e+04
1.050000000000000000e+03,4.049702782854183170e+00,1.151313914586463216e+04
1.051000000000000000e+03,4.049753844145925541e+00,1.151718884864748725e+04
1.052000000000000000e+03,4.049692770874571579e+00,1.152123860249163408e+04
1.053000000000000000e+03,4.049600415579334367e+00,1.152528829526250775e+04
1.054000000000000000e+03,4.049673180143145146e+00,1.152933789567808708e+04
1.055000000000000000e+03,4.049620128138485597e+00,1.153338756885823022e+04
1.056000000000000000e+03,4.049686228187965753e+00,1.153743718898636871e+04
1.057000000000000000e+03,4.049806676010121009e+00,1.154148687521455577e+04
1.058000000000000000e+03,4.049667534225591226e+00,1.154553668189056771e+04
1.059000000000000000e+03,4.049860556464409456e+00,1.154958634942479330e+04
1.060000000000000000e+03,4.049716625700966688e+00,1.155363620998125771e+04
1.061000000000000000e+03,4.049645225146377925e+00,1.155768592660695867e+04
1.062000000000000000e+03,4.049759366318539833e+00,1.156173557183210505e+04
1.063000000000000000e+03,4.049655175526822859e+00,1.156578533119842177e+04
1.064000000000000000e+03,4.049662368092867837e+00,1.156983498637394950e+04
1.065000000000000000e+03,4.049871691721818934e+00,1.157388464874204146e+04
1.066000000000000000e+03,4.049813422198894841e+00,1.157793452043376419e+04
1.067000000000000000e+03,4.049686244312397321e+00,1.158198433385596218e+04
1.068000000000000000e+03,4.049985702366939222e+00,1.158603402010027639e+04
1.069000000000000000e+03,4.049686945904795721e+00,1.159008400580264242e+04
1.070000000000000000e+03,4.049647523139356053e+00,1.159413369274854631e+04
1.071000000000000000e+03,4.049898722505531623e+00,1.159818334027168748e+04
1.072000000000000000e+03,4.049671645343551063e+00,1.160223323899419120e+04
1.073000000000000000e+03,4.049748959045246011e+00,1.160628291063953657e+04
1.074000000000000000e+03,4.049997988369796076e+00,1.161033265959858181e+04
1.075000000000000000e+03,4.049833298108751478e+00,1.161438265758694979e+04
1.076000000000000000e+03,4.049780349999999807e+00,1.161843249088505945e+04
